(0.0205328 0.000539653 0.162119 #(0.0172437 -0.00206371 0.0199834 0.0140023 -0.107106 0.105376 -0.014147 -0.0456254 -0.035733 0.000526876 0.024559 -0.077979 0.0379572 0.0550832 0.0251978 -0.0158793 0.000201547 0.0183836 0.0120267 -0.0145289 0.0270053 0.0215023 -0.0674045 0.0868633 -0.0759818 0.0123872 -0.100426 0.0670379 0.153223 -0.160887 0.0200027 0.00857184 -0.0319345 0.0372642 -0.039906 0.0370124 -0.0406953 0.0916241 -0.0794324 0.0994091 -0.152256 0.122422 -0.131096 0.143904 -0.182573 0.107067 -0.216319 0.338997 -0.171402 1.04299))
(0.0746031 0.000883533 0.108826 #(0.043002 -0.0168565 0.0116234 -0.031321 -0.0728684 0.134856 0.0052372 -0.0477521 -0.0767405 0.0307031 0.00286882 -0.0188694 -0.0103552 0.0410824 -0.00991496 0.0129631 -0.0070764 0.0446677 -0.0316206 0.0103328 -0.00314631 0.0721652 -0.028264 0.0429488 -0.0757499 0.0355948 -0.124679 0.0341884 0.147169 -0.115948 0.0350534 -0.022784 0.00255128 0.000132609 0.00266292 0.0235752 -0.0270638 0.00319338 -0.0405898 0.0510949 -0.0525406 0.112875 -0.120262 0.103579 -0.140658 0.030511 -0.195171 0.226418 -0.194436 1.19625))
(7.90651 0.00254103 0.0179272 #(0.0298438 -0.0150177 0.00856811 0.00178307 -0.156251 0.141521 0.0377321 -0.00862076 0.0358013 -0.0526648 -0.0746482 0.0176761 0.0180553 0.0110547 -0.0149859 -0.00274912 0.00753696 0.0570906 -0.00985159 -0.0460384 -0.0312089 0.0275762 -0.00179828 0.0498972 -0.0462076 0.111785 -0.101277 -0.0429219 0.135046 -0.118618 0.0320909 0.0152628 0.00229011 0.000619642 -0.00148223 0.0698463 -0.0192731 -0.061608 -0.105966 0.00760205 -0.0556964 0.172818 -0.0018539 0.14807 -0.115714 0.0485711 -0.341883 0.118442 -0.644804 1.76356))
(16.8204 0.00353871 0.0145046 #(0.0242379 0.0163801 -0.0441124 0.0515951 -0.165318 0.0553254 0.118888 -0.00888211 0.0686623 -0.103195 -0.109872 0.0873954 -0.00312068 -0.0157818 0.00793753 -0.0102677 0.0385871 0.0402539 0.0275778 -0.124176 -0.0224998 -0.0083091 0.139262 -0.0326057 -0.0686154 0.152026 -0.0710961 -0.100093 0.0921394 -0.0886168 0.0962788 0.0235546 -0.0835561 0.0289921 -0.0519826 0.0819953 0.0677047 -0.04636 -0.154177 0.0188317 -0.0733893 0.18706 -0.117089 0.276443 -0.188078 0.136406 -0.348012 0.354862 -1.21044 2.05642))
(15.7527 0.00488585 0.0176113 #(0.0410332 -0.0212341 -0.0186016 0.0139835 -0.10253 0.0317464 0.098534 0.0577219 -0.00603218 -0.119189 -0.0560336 0.0600247 0.00563636 -0.00741701 -0.022568 0.0551003 0.0172174 -0.0145449 0.0377798 -0.0774387 -0.0623132 0.0156745 0.116856 0.0167625 -0.0740776 0.0976961 -0.0589157 -0.0592283 0.0621122 -0.0668073 0.0672344 0.0433492 -0.0724394 -0.0149194 -0.0174723 0.0940844 0.0192709 -0.037947 -0.145742 0.0166333 -0.0382952 0.137928 -0.0235971 0.142885 -0.0641163 -0.0401743 -0.14418 0.182686 -1.00692 1.93978))
(16.3531 0.0136897 0.0289333 #(-0.024896 0.016421 0.00786502 -0.0118406 0.00603457 0.0343453 0.0250988 -0.00670104 -0.0483285 -0.0402459 0.00284676 0.0223309 0.00649693 -0.0116516 0.00923614 0.0111503 -0.000440774 -0.0275555 0.00682401 -0.0125723 0.00263826 0.0153074 0.0242379 0.0142031 0.0060273 0.0192062 -0.0368178 0.00965019 0.0058204 -0.00736851 0.0414994 0.00440613 -0.0394615 -0.0217087 0.0132956 0.0116567 -0.024931 -0.0592983 -0.0327111 0.00831445 0.0282831 0.0678891 0.00450369 0.00915988 -0.0181229 -0.0469828 -0.0555707 -0.0913728 -0.228273 1.41019))
(22.7776 0.0128829 0.0237823 #(-0.0244512 0.00852192 0.00355279 0.0100932 -0.00419528 0.0237172 0.0103759 -0.0137028 -0.0251104 -0.0134613 -0.000615256 0.00165147 -0.00407305 -0.00344569 -0.00120993 0.0089017 0.000495352 -0.000238208 0.00294549 0.00112805 0.00425276 0.0266437 0.0165051 -0.0296654 -0.00157895 0.0406957 -0.0203225 0.000875471 0.0187371 -0.00604564 0.0124178 0.00848914 -0.00870932 -0.0345038 -0.0166086 -0.00777551 -0.0127552 -0.0198208 -0.018883 0.00170381 0.0281818 0.0335668 0.00621638 0.000123257 -0.0400046 -0.0251494 -0.0599436 -0.0484318 -0.0953316 1.26394))
(25.9418 0.014063 0.023283 #(-0.0146976 0.0123669 -0.00238331 -0.00566441 0.000213927 0.0251708 0.0058586 -0.0152624 -0.0096643 0.000380473 -0.00692432 -0.0103325 -0.00570062 -0.00779317 -0.00373097 -0.00244446 0.0232326 0.00687431 -0.0123666 0.0136142 0.000873428 0.01297 0.00157535 -0.0189359 0.0103542 0.0149338 -0.00232667 0.018195 0.0122806 0.000705099 0.0180465 -0.00723085 -0.0333543 -0.0209618 -0.00258482 -0.00346647 -0.0161793 -0.00443528 -0.0107334 -0.00729346 0.0212632 0.017004 -0.0134609 -0.0122188 -0.0266593 -0.0240987 -0.0584669 -0.0204726 -0.0728998 1.23429))
(26.411 0.0454326 0.0414755 #(-0.0109339 -0.0010968 -0.0010053 0.00617609 0.00306015 0.000136934 0.00372594 -0.00564924 -0.00591968 -0.00522412 -0.00509402 -3.17432e-06 -0.00446083 0.00456961 0.00243643 0.00451923 0.00334826 0.00559344 0.00805774 0.000849614 0.00365901 -0.000214671 -0.00258062 0.00132718 0.00916179 0.00321858 -0.00441098 0.00674969 0.00362521 0.00233835 0.00103611 -0.00365412 -0.0110665 -0.0113001 -0.00483079 -0.00471838 -0.0072024 -0.0112189 -0.00842469 -0.00122134 0.00258161 -0.00404681 -0.0108012 -0.0163903 -0.0156165 -0.0101237 -0.0119205 -0.0127908 -0.0241693 1.1353))
(26.023 0.0171174 0.0256472 #(-0.00659148 -0.0022813 0.00245043 0.0119932 0.00673879 0.0106215 0.000193227 -0.0118672 -0.00229731 -8.44562e-05 -0.010244 -0.0224172 -0.0074773 0.00139424 0.00442344 -0.00372009 0.00631038 0.00399001 0.00074413 0.00143648 0.0117816 0.0167116 -0.011429 0.00660101 -0.0154429 0.0245051 0.00954568 0.00221017 0.00972422 0.00691179 0.00198784 0.00641321 -0.0164092 -0.0286664 -0.00348171 -0.00646432 -0.0149224 -0.00929398 0.000946284 -0.00786511 0.0105857 0.0116371 -0.0208869 -0.0167969 -0.039235 -0.0416232 -0.0188724 -0.0395318 -0.0672928 1.2529))
(20.1471 0.0413173 0.0452855 #(0.0028042 0.00238915 0.00320531 0.00204744 -0.00128491 -0.000625469 0.00121502 -0.00053792 -0.00926453 -0.00168529 -0.0176347 -0.00451895 0.000996928 0.00430582 0.00194222 -0.00398466 0.00259957 0.00390882 0.0116503 0.00167209 -0.001884 0.00309071 0.00380416 0.00551039 0.0052082 0.00707811 -0.00293764 0.0110331 0.0118179 0.000155053 0.0029885 -0.0120471 -0.00528422 -0.0186305 -0.00389795 -0.01138 -0.0130287 -0.0114016 -0.00348096 0.00720399 -0.00393767 -0.00782219 -0.00889679 -0.0106665 -0.0241594 -0.0212916 -0.0261109 -0.0222356 -0.042137 1.1898))
(15.5487 0.0153078 0.0313768 #(0.0038797 -0.00898583 -0.00129375 0.0135476 0.00658722 0.0365788 0.00343157 -0.0308747 -0.0106992 -0.00551437 0.00041832 -0.0139702 -0.0154675 -0.0119801 -0.00961124 0.0151818 0.00235315 -0.00360607 -0.00300882 0.0133151 0.00953059 0.00235415 -1.91313e-05 0.00280704 0.0099642 0.0205634 0.00397632 0.00529698 0.023866 -0.00799138 0.0100504 0.0079582 -0.0250386 -0.029848 -0.0097943 -0.00418491 -0.0133331 -0.0233978 -0.00335522 0.0048438 0.0168547 0.0205229 -0.0161785 -0.0256227 -0.0427417 -0.0322054 -0.0493791 -0.0330071 -0.0981295 1.29245))
(19.0253 0.00596731 0.0177102 #(-0.0146168 -0.0100904 0.00214927 0.0184939 0.01049 0.0612408 -0.00438104 -0.0265871 -0.026429 0.00668405 0.0269023 -0.0263329 -0.0230587 -0.0429497 0.00384385 0.0294333 -0.00318107 -0.0136982 -0.00792112 0.0090845 0.0366004 -0.0174499 -0.00897093 -0.00784815 -0.00441435 0.0551205 -0.0163865 0.00471411 0.0446577 -0.0132054 0.0401863 0.0217569 -0.0372981 -0.0637524 -0.0140608 0.0379691 -0.012396 -0.0571539 -0.0387487 0.0285809 0.0555209 0.0533837 -0.020053 -0.00430533 -0.102708 -0.0554588 -0.0775484 0.00345876 -0.257812 1.45669))
(24.3361 0.00252815 0.0101924 #(-0.0257512 -0.0008726 0.0176086 0.0124685 -0.0534896 0.100064 0.0398205 -0.0701561 -0.0307596 0.00460567 0.0732452 -0.00591591 -0.0655563 -0.0244842 0.0128442 0.0333025 -0.0171489 -0.0529101 -0.0145168 -0.00558627 0.0716373 0.0169233 -0.00522713 0.00671804 -0.0615778 0.0634442 -0.0921752 0.00951979 0.120483 -0.077487 0.0914363 0.104565 -0.0653618 -0.089458 -0.0420491 0.0741933 -0.0368942 -0.0224205 -0.159684 0.0706304 0.0604807 0.156387 -0.0368354 0.00141878 -0.11703 -0.0250188 -0.215087 0.140998 -0.528956 1.65826))
(25.4722 0.00168582 0.00813527 #(-0.0361914 0.0503908 -0.052739 0.0874611 -0.161167 0.205034 -0.030822 -0.0297436 -0.0881124 0.0515133 0.029009 0.0911085 -0.133234 0.00447612 -0.0102752 0.0672411 -0.0743354 0.0278325 -0.088049 0.0254583 0.00378763 0.110739 -0.0335123 0.0437825 -0.111471 0.143021 -0.205556 0.0105061 0.178276 -0.139079 0.108138 0.100769 -0.0514441 -0.061891 -0.0335699 0.078663 -0.0342434 -0.0322647 -0.218112 0.133516 -0.053587 0.327015 -0.200594 0.23237 -0.331232 0.175309 -0.44634 0.403636 -0.874447 1.84189))
(24.4789 0.00660193 0.0164225 #(-0.0129511 0.000294328 -0.0197443 0.0228973 0.0144379 0.0576108 -0.00978518 -0.00793303 -0.0138883 -0.0222251 0.0319748 -0.0148723 -0.0204648 -0.0414119 -0.0116904 0.010987 -0.0113676 0.0117234 -0.00638076 0.0237907 0.020048 0.00399678 -0.00498899 -0.00973827 -0.00584135 0.0192609 -0.0220209 0.0192987 0.0427776 -0.0141488 0.0260689 0.053246 -0.0359298 -0.0407085 -0.0153808 0.000894089 -0.0255827 -0.0505249 -0.0252819 0.0272812 0.0597201 0.0367404 0.00457889 -0.0014007 -0.0717525 -0.0699291 -0.107446 -0.0187547 -0.27242 1.49509))
(26.2758 0.0176864 0.0259442 #(0.0033549 -0.00945348 0.0065972 0.011377 0.00754275 0.0138938 0.00853247 0.000314037 -0.00732074 -0.0137922 -0.008441 -0.0188535 -0.0266481 -0.0205979 0.00421144 0.0117094 0.0169971 -0.0179554 -0.00098244 0.035148 0.00857569 -0.0052743 -0.000887931 0.00311146 -0.00552477 0.00948484 -0.000848823 0.0254957 0.0295882 -0.0096005 0.019213 0.00984905 -0.0239854 -0.0251062 -0.0378088 -0.00656597 -0.0252241 -0.0322219 0.024789 0.0259035 0.0228412 0.0272441 -0.00713364 -0.0104557 -0.0465321 -0.0714479 -0.0841954 -0.0538046 -0.134946 1.37684))
(33.8769 0.00801222 0.0153789 #(-0.00258214 -0.00821759 0.0196898 -0.000392261 0.0140521 0.00440578 -0.0286329 0.000567736 0.0125327 0.00426797 -0.0066993 0.0334311 -0.0281124 -0.0422645 -0.0221943 0.0377913 -0.00618192 -0.0265775 -0.00448782 0.027992 0.0456436 0.00158737 -0.0145791 -0.00474223 -0.0115839 0.0136965 -0.0283794 0.032301 0.000935378 -0.0386639 0.0497046 0.0790239 -0.0338661 -0.0499984 -0.00571791 0.0381896 -0.0512542 -0.0879677 -0.0317509 0.0295627 0.0690141 0.0544617 0.0545729 0.0472211 -0.0781932 -0.090823 -0.112884 -0.113677 -0.42381 1.68183))
(47.5854 0.03461 0.0269689 #(0.00703504 0.0042176 -0.007448 0.00601103 0.00320568 0.00838487 0.0062723 -0.0120179 0.000336154 0.000458805 -0.00549983 -0.000896449 -0.0239517 -0.0277963 -0.00199031 0.00441657 0.0118858 -0.00555538 0.0186382 0.000599233 0.0253149 0.00947596 -0.0151058 -0.0109278 -0.00257833 0.0161187 -0.000843106 0.0151509 0.00682266 0.00837561 0.0212141 0.019091 -0.0166389 -0.0383569 -0.0276626 -0.0067535 -0.0278646 -0.0358582 -0.00485826 0.02398 0.0407189 0.0544763 0.0300379 -0.00650959 -0.0404744 -0.0715788 -0.100036 -0.13855 -0.218292 1.50233))
(67.1502 0.0503262 0.0273762 #(0.00163764 0.00156368 0.000896518 -0.00356924 0.0146311 0.0115155 0.000718131 -0.010003 -0.00103783 0.00202199 -0.00199034 -0.0161105 -0.0194743 -0.0104963 -0.00591896 0.0121449 0.00486055 -0.00401805 0.00316407 0.00376875 0.0156482 0.00483055 -0.00410957 -0.00432992 -0.00485066 0.0143753 0.00558336 0.0130507 0.00596937 0.00550279 0.0213288 0.00884339 -0.00423094 -0.0320471 -0.0225288 -0.0132194 -0.0288979 -0.0323811 -0.0196434 0.0287962 0.0448142 0.0421381 0.0389864 -0.00463365 -0.0331114 -0.0584344 -0.112601 -0.149007 -0.247096 1.5331))
(87.0259 0.146162 0.040982 #(0.0066813 0.0031666 0.00524609 -0.0082533 -0.00391559 0.0131647 0.0226346 0.00201689 -0.0300066 -0.0164448 0.00249676 0.012122 -0.0120514 -0.0290936 -0.00477291 0.0062677 0.00679358 0.00355967 0.0074764 0.00641204 0.00203213 -0.000103927 0.00208319 0.00592471 -0.00531212 -0.00286345 0.0194362 0.0235452 0.0145299 0.000873052 0.0170015 0.00926635 -0.0249864 -0.0345525 -0.026674 -0.0209155 -0.0204941 -0.0180144 -0.000742368 0.0206704 0.0347392 0.0281013 0.0231078 0.00568184 -0.0455544 -0.0687793 -0.0774324 -0.112311 -0.16092 1.413))
(103.805 0.0839127 0.0284317 #(0.0305305 -0.0232935 -0.0123279 -0.00539001 0.00241112 0.0181144 0.0198195 -0.0119952 -0.00946969 -0.00768942 0.0176179 0.0159392 -0.0270933 -0.0533804 -0.0238979 0.042285 0.0419821 -0.0130642 -0.02037 0.00470052 0.0265474 0.00800111 -0.0193407 -0.00539329 -0.00768145 -0.00352887 0.00818424 0.0306883 0.00191179 -0.011258 0.0201576 0.0424102 0.000582659 -0.0480861 -0.0335357 0.00238416 -0.000149278 -0.0762318 -0.0235003 0.0537691 0.0525345 0.0284459 0.0125174 0.044311 -0.0359816 -0.0879433 -0.0942918 -0.141744 -0.328099 1.59425))
(124.841 0.162496 0.036078 #(0.0154669 -9.72884e-06 -0.0101342 -0.00793859 0.0059567 0.0228617 0.00768918 -0.0107367 -0.0153092 -0.00690622 0.00137529 0.00756771 -0.0173113 -0.0348903 -0.015329 0.0277865 0.0313134 0.00105124 -0.0143057 -0.00667794 0.011448 0.00558312 -0.00253005 0.000195594 -0.00582771 0.00497205 0.0183721 0.0241788 0.0151434 -0.0120356 0.00834879 0.019273 -0.0189529 -0.0436641 -0.017064 0.0110478 -0.0142619 -0.0454921 -0.0275606 0.0195142 0.0430997 0.0479311 0.0369613 0.00241956 -0.049964 -0.0670036 -0.063226 -0.132439 -0.269048 1.51163))
(180.716 0.293325 0.040288 #(0.0258335 -0.0119538 -0.0193954 -0.00626257 0.0234294 0.0231874 0.0109882 -0.0140674 -0.0204807 -0.0175573 0.000633931 0.000397377 -0.011624 -0.022438 -0.0107618 0.0178291 0.0325036 0.0112156 -0.0171066 -0.00548084 0.00984786 -0.00170732 -0.00485124 -0.00691943 -0.00247698 0.0118085 0.0178137 0.0244233 0.0229053 0.003698 -0.0103266 -0.00441229 -0.00122563 -0.0243714 -0.0381239 -0.0309188 -0.0100181 -0.00337076 -0.00420997 0.0204227 0.0439681 0.0382338 0.00823855 -0.0138448 -0.0326542 -0.0661078 -0.097244 -0.115524 -0.154429 1.42031))
(234.118 0.205985 0.029662 #(0.0192157 -0.0031935 -0.00784433 -0.00677489 0.00286156 0.0114244 0.0199407 0.00873447 -0.0210833 -0.0382217 0.00335562 0.018978 -0.0148748 -0.0242473 -0.0051396 0.0205883 0.00181457 -0.0139292 0.0109887 0.0201683 0.00322887 -0.00941825 -0.00196576 0.0112985 -0.0102269 -0.0019795 0.0216591 0.0239712 0.00292886 -0.0126777 0.0229174 0.0228922 -0.0279371 -0.0544655 -0.0105665 0.0201515 -0.0232041 -0.0500812 -0.0122807 0.0286273 0.0377097 0.0333467 0.0362003 0.00682096 -0.0421918 -0.0623608 -0.0697533 -0.142768 -0.286476 1.53382))
(240.477 0.393671 0.0404604 #(0.0141351 -0.00376777 -0.0127499 0.00507208 0.0136482 0.0136646 0.00963351 -0.00969488 -0.0204225 -0.0195809 -0.00608936 0.0113476 -0.00348937 -0.0263493 -0.00860379 0.0196824 0.0270435 0.00279308 -0.0216122 -0.00311376 0.0167268 0.0026715 -0.00951989 -0.00655211 -0.000521916 0.00286717 0.0195184 0.0369098 0.0212964 -0.00938696 -0.00852238 0.0157752 -0.010538 -0.0511757 -0.0367333 -0.00701777 -0.00496757 -0.0218476 -0.00180121 0.0358277 0.0423497 0.0250602 0.0161893 -0.00886896 -0.0517459 -0.0757613 -0.0763744 -0.0986088 -0.163602 1.41088))
(208.983 0.298555 0.0377969 #(0.0164121 0.0048719 -0.0123277 -0.0082839 0.00553303 0.0215874 0.00343585 -0.0106931 -0.0143605 -0.0149133 -0.000867135 0.00882374 -0.00160873 -0.0229544 -0.0199348 0.0112933 0.0268215 0.00930974 -0.0129465 0.00684308 0.00823984 -0.00100629 -0.00874536 -0.0125536 0.0018266 0.00222032 0.0179517 0.0318532 0.0216125 -0.00395573 0.00757547 0.000995567 -0.0228842 -0.0368795 -0.018438 -0.00111154 -0.0249076 -0.0299492 0.000929623 0.034715 0.0335621 0.0270658 0.0181262 -0.000710647 -0.0431774 -0.0595626 -0.0734814 -0.128686 -0.215031 1.46608))
(169.872 0.295057 0.0416766 #(0.0319486 -0.0152698 -0.0178871 -0.00121978 0.0101795 0.0113419 0.00466058 -0.0163847 -0.00962441 -0.00255257 0.0034453 0.00333557 -0.00638092 -0.0185545 -0.0171695 0.00620859 0.027439 0.00889597 -0.00634335 0.00222882 0.00733991 0.00272018 -0.00324214 -0.00743471 -0.0202102 -0.0144455 0.0143375 0.0353734 0.03177 0.0180433 0.00470567 0.00350029 -0.0211588 -0.0400762 -0.0312031 -0.00502416 -0.0137467 -0.0287056 -0.00591527 0.0317417 0.0557392 0.030424 0.00295205 -0.00796262 -0.0331349 -0.0705161 -0.0935693 -0.117755 -0.17632 1.44112))
(198.736 0.583121 0.0541678 #(0.0239533 -0.0108176 -0.0102808 0.00564068 0.0150349 0.00994732 -0.00604523 -0.00984589 -0.0142772 -0.0121714 -0.00415331 -9.11199e-05 -0.00732939 -0.0188397 -0.00379378 0.0155464 0.0238681 0.0102193 -0.00649659 -0.0166725 -0.00159701 0.0168372 0.00555774 -0.0076568 -0.0152812 0.00621925 0.0304524 0.0302777 0.0179796 -7.1259e-05 -0.0110991 -0.0120554 -0.0207771 -0.0196221 -0.019649 -0.0276093 -0.0267218 -0.00462518 0.0217483 0.0300955 0.0254635 0.0179527 0.00908021 -0.0147737 -0.0434505 -0.0549393 -0.067622 -0.0980195 -0.11752 1.34832))
(235.893 0.196632 0.0288715 #(0.0304126 -0.0184424 -0.0165599 -0.000407823 0.00801631 0.0195737 0.0118165 -0.00905007 -0.0134561 -0.0135 -0.00394936 0.00567199 0.00352691 -0.0209869 -0.0335421 0.00501761 0.033716 0.0178405 0.00147093 -0.011718 -0.00133608 -0.00135017 0.00902945 0.00737444 -0.0033788 -0.00925621 -0.0209713 0.0180258 0.0548861 0.0175237 -0.0085279 -0.00515863 -0.0139746 -0.031351 -0.0115241 0.00705294 -0.0364894 -0.0527857 -0.0113735 0.0463322 0.0573369 0.0344311 0.019218 0.00187843 -0.0302693 -0.0656353 -0.0907326 -0.155003 -0.284321 1.55441))
(250.351 0.920652 0.0606419 #(0.0221283 -0.00175026 -0.00689412 0.000872708 0.00825388 0.00110956 -0.00632789 -0.0125022 -0.0104057 -0.00936074 -0.00616766 0.00522704 0.000860839 -0.00548061 -0.0014818 0.00943791 0.00798624 0.000154997 -0.00816161 -0.00716682 0.000403966 0.00149304 0.00596023 0.00691071 0.00706264 0.0106029 0.0144444 0.01869 0.0103569 -0.00377258 -0.00598677 -0.011182 -0.0229358 -0.0277385 -0.0171593 -0.00963866 -0.0130767 -0.00448601 0.01284 0.0232398 0.0183027 0.00684207 0.000345183 -0.017907 -0.0388241 -0.0491714 -0.0555385 -0.0671155 -0.080383 1.27961))
(265.144 0.37479 0.037597 #(0.0178487 0.0013791 -0.0116388 -0.00507206 0.0138357 0.0176418 0.0040927 -0.0179262 -0.017936 -0.00558455 0.00209339 -0.00600955 -0.011245 -0.00868085 -0.00205561 0.000295947 0.0125599 0.0156985 -0.00318278 -0.0132323 -0.000274777 0.00777626 -0.00183865 0.00266585 0.0125194 0.00603461 -0.00305746 0.0220627 0.0328774 0.00937883 -0.00296813 -0.0139498 -0.023661 -0.0265224 -0.0152562 -0.00981502 -0.0187505 -0.0249964 -0.00613381 0.0245956 0.0383716 0.0292479 -0.00259061 -0.00982094 -0.0297847 -0.0422148 -0.0701577 -0.115859 -0.177598 1.41175))
(250.53 0.735674 0.0541892 #(0.0238545 -0.00486949 -0.00173591 0.00252099 0.00404998 0.00118642 -0.00418862 -0.0123793 -0.0138166 -0.00838696 -0.00266911 -0.000717441 -0.00433613 -0.00087901 3.08753e-05 0.00695944 0.00812309 0.00161619 -0.00106495 -0.00230766 -0.00318343 -0.00717512 0.00130251 0.0107457 0.00679086 0.00860716 0.0173261 0.0173051 0.0100283 0.00988019 0.00145606 -0.0181773 -0.0255863 -0.0227028 -0.0191551 -0.0156616 -0.0149123 -0.00943028 0.00703709 0.0185155 0.0208948 0.0180594 0.00541843 -0.016114 -0.0379061 -0.0507604 -0.0578965 -0.0768728 -0.0909356 1.29924))
(197.598 0.485401 0.0495631 #(0.0248193 -0.00306678 -0.00667275 -0.0014236 0.0114491 0.0091926 -0.0023926 -0.0167224 -0.0201609 -0.00339142 -0.00311447 -0.00213343 -0.00661917 -0.00708419 0.00117074 0.0105285 0.010503 0.000885714 -0.00157855 -0.00449273 -0.0024985 -0.000379483 -0.0043849 0.0022342 0.0114984 0.0120889 0.0118227 0.0206663 0.0203387 0.01268 -0.00367646 -0.0148372 -0.0196786 -0.0256279 -0.0246386 -0.0201119 -0.0148319 -0.00916508 -0.00126804 0.0198383 0.0319355 0.0159117 0.00101828 -0.0089909 -0.0292361 -0.0476222 -0.0687146 -0.089934 -0.113823 1.33378))
(125.124 0.316632 0.0503045 #(0.0130568 -0.00225892 0.00216152 0.0102169 0.00996052 -0.00255912 -0.0097279 -0.0196243 -0.00656228 -0.000937932 -6.12063e-05 -0.000608431 -0.00526008 -0.00223335 0.00268855 0.00317693 0.00183598 0.00660908 0.00583385 -0.00116981 -0.00278075 -0.00730575 -0.0127456 -0.00600758 0.00295042 0.00742113 0.0148913 0.0264792 0.0296855 0.00264396 -0.00385496 -0.00327753 -0.023196 -0.0218689 -0.015055 -0.00831472 -0.0139174 -0.0128882 -0.000967953 0.012294 0.0210776 0.0214656 0.0105105 -0.0134574 -0.0314187 -0.0453388 -0.0664272 -0.107779 -0.148171 1.37876))
(71.37 0.227496 0.0564585 #(-0.0142429 0.012727 0.0152038 0.013247 0.0124478 0.00703828 -0.0126102 -0.0229412 -0.0168578 -0.00561364 0.00559436 0.00298623 -0.0049227 -0.00038521 -0.00127981 0.00423441 0.000763587 0.00976382 0.0108994 0.00630644 -0.00368733 -0.0148032 -0.023322 -0.0161698 -0.000889858 0.011531 0.0186532 0.0329139 0.0305486 0.00665483 -0.0125951 -0.0144017 -0.0205354 -0.0305956 -0.0183857 -0.000585577 0.0114074 0.00891327 0.00153785 0.00446643 0.00473343 0.015059 0.0101803 -0.0146464 -0.0351526 -0.0511088 -0.0647666 -0.0850186 -0.118079 1.33668))
(40.4377 0.0852366 0.0459113 #(-0.0335089 0.029908 0.0183897 0.0176984 0.0101193 0.00829117 -0.0170098 -0.0268985 -0.022606 0.00232026 0.0189546 -0.0045041 -0.00575308 -0.0100939 0.00425405 0.00177554 0.00632439 0.0070991 0.0135077 0.0172888 -0.00309632 -0.0159993 -0.0288205 -0.0254887 -0.0108957 0.00733041 0.0214328 0.0301479 0.0306404 0.0070994 -0.0123194 -0.025963 -0.0100594 -0.00332728 -0.00658321 -0.000959254 0.00177248 0.00985076 -0.0049481 -0.00260225 0.00144116 0.00476165 0.00342908 -0.0128849 -0.0221734 -0.0326228 -0.0534822 -0.0924536 -0.143692 1.34984))
(27.3832 0.070801 0.0508484 #(-0.0140748 0.0135211 0.0169284 0.0134048 0.00664361 -0.000844623 -0.025384 -0.00976012 0.00801802 0.00636203 -0.00289115 -0.0127367 0.000562452 0.00700169 0.00416503 0.00548033 0.00503239 0.00518513 0.00212309 -0.00811506 -0.0249022 -0.0165552 -0.00808011 -0.0032732 -0.00323997 0.0128592 0.0143886 0.0210239 0.0149843 -0.0102482 -0.00523455 -0.0127067 -0.00629629 -0.0118239 -0.00186732 0.00661671 0.000807708 0.0076143 -0.00151332 -0.0141276 0.000588052 0.013716 -0.00222398 -0.0188076 -0.0188453 -0.0187286 -0.0391334 -0.0564238 -0.0793644 1.23514))
(30.7375 0.040934 0.0364929 #(-0.0243691 0.00812592 0.015261 0.01097 0.0205355 0.0101767 -0.0151796 -0.0251579 0.00184063 0.0088331 0.00252205 0.000583772 -0.00157531 -0.000798763 0.00905121 0.00117476 0.00355867 -0.00185548 0.00468458 -0.00729399 -0.0289016 -0.0190386 0.00930854 -0.00472978 -0.0131431 -0.00543118 0.00841419 0.0272355 0.0256443 -0.00636553 -0.00757628 -0.00558504 -0.000516058 -0.00121443 -0.0138289 0.00110727 0.00668947 0.00434654 -0.00919808 -0.0198922 0.00235468 0.0144602 -0.000975259 -0.0245124 -0.0246625 -0.015985 -0.0371288 -0.0397989 -0.0669062 1.22136))
(42.0859 0.00626129 0.0121973 #(-0.0734655 0.0296172 0.013634 0.0452539 0.00702914 0.057469 -0.0232954 -0.0727147 -0.0229838 0.0545064 0.022556 -0.0378221 -0.0116609 -0.0131154 0.0381253 0.0259823 -0.0219215 -0.0248628 0.0469329 -0.00591986 0.0161304 -0.0248895 -0.0474258 -0.0134104 -0.011063 0.0414246 -0.0607445 0.0508991 0.0641952 0.00526139 -0.0600509 0.00150282 0.00627574 -0.070137 0.0242186 0.0169948 0.0408282 0.0438345 -0.0204922 -0.0610643 -0.0804496 0.0966152 0.0588874 -0.0136561 -0.0697122 0.00834575 -0.047428 -0.0855743 -0.478215 1.63444))
(48.3822 0.0133138 0.0165886 #(-0.0991241 0.0620696 0.0256428 0.0325504 0.030601 0.0200286 -0.0346818 -0.0543453 -0.000353481 0.0292389 0.0225596 -0.0231814 -0.0230041 -0.00406665 0.0324386 0.00882869 -0.0235801 0.0419879 0.00354304 -0.0088214 0.00179125 -0.0386059 -0.020162 -0.0161291 -0.0274193 0.0200131 0.00125343 0.0450822 0.0571638 -0.0335057 -0.0273933 -0.0201817 -0.0220575 -0.0085605 -0.000251926 0.0202286 0.0402841 0.0305421 -0.0148375 -0.0251732 -0.04472 0.0420287 0.0255921 -0.0131808 -0.0380019 -0.0228509 -0.0479855 -0.104387 -0.277699 1.47947))
(52.3586 0.0659523 0.0354912 #(-0.0350294 0.0226496 0.0266707 0.0151374 0.00559978 -0.00178336 -0.0131273 -0.00792491 0.00702189 0.00803718 0.000224972 -0.0104286 -0.0107735 0.000890825 0.000619345 0.00514007 -0.000477151 0.00445113 0.0122391 0.00292333 -0.0091859 -0.0264601 -0.0178257 -0.00867586 0.00144957 0.00389939 -0.00103973 0.00526759 0.0114127 0.00266532 -0.0114983 -0.0129203 -0.0101913 0.00682779 0.023871 0.0120872 0.00875099 0.0033859 -0.00336156 -0.00727741 -0.00798061 0.00279848 -0.00798744 -0.0160221 -0.02748 -0.0249909 -0.0413176 -0.0503363 -0.0665837 1.23408))
(57.2864 0.0998289 0.0417448 #(-0.0107891 0.0182459 0.0133387 0.00654529 0.00351746 -0.0028236 -0.00652551 -0.00276973 0.00189705 0.00363537 -0.00543967 -0.00428984 -4.74181e-05 0.00728144 -0.000418819 -0.00318095 0.00296512 0.00149376 0.00209253 -0.0105876 -0.0105755 -0.00732988 -0.0124828 -0.00540931 -0.00364074 0.00253872 -0.000591894 0.0020125 0.00672111 -0.0103777 -0.00817489 -0.00341224 0.00892754 0.00393065 0.00183264 0.0170761 0.0103609 0.0093558 -0.00221637 -0.00689539 -0.00883095 -0.00260063 -0.00561736 -0.0152408 -0.0198652 -0.0251051 -0.0359384 -0.043327 -0.0516084 1.19939))
(63.2886 0.0659521 0.0322813 #(-0.0395131 0.0278336 0.0226114 0.0208169 0.00156559 -0.00586198 -0.00373168 -0.0129797 -0.000442788 0.00591266 0.00384389 -0.00649693 -0.000432298 0.00820201 0.00205019 -0.00693928 -0.00561469 0.00651516 0.00426545 -0.00287469 -0.0195372 -0.0148713 -0.00282639 -0.00135895 0.00476877 0.00385195 -0.00114983 0.00160519 0.0150339 -0.00888809 -0.0157333 -0.00871617 -0.00192295 0.00638566 0.00653376 0.0147419 0.00964909 0.00830972 -0.00471322 -0.00721979 -0.00854983 -0.00297041 0.000582071 -0.00321452 -0.0251575 -0.0448269 -0.0465566 -0.0617166 -0.0814745 1.26877))
(68.2143 0.127344 0.0432067 #(-0.00650372 0.0166661 0.0110006 0.0046084 -0.000191608 -0.000655383 -0.0075612 -0.00289214 0.00188358 0.00579054 0.000329202 -0.00681358 -0.00225101 -0.000353251 0.0031628 -0.0053415 -0.000525401 0.00656196 0.00272409 0.00256422 -0.0160209 -0.0140322 -0.00207772 -0.00301927 -0.000189949 -0.00236457 0.00311191 0.00706533 -0.000524762 -0.00984277 -0.0108244 -0.00768298 0.000888997 0.00214318 0.0071796 0.0118653 0.0159322 0.00963205 -0.00200409 -0.0107815 -0.00688397 0.000662548 0.00124322 -0.0216095 -0.024252 -0.0275861 -0.0290191 -0.0455658 -0.0594961 1.20854))
(74.5766 0.00960274 0.0113474 #(-0.0930925 0.0474147 0.0783675 0.00847634 -0.0083235 0.0389507 -0.0156469 -0.0811489 -0.00383005 0.0271399 0.0027488 -0.0036905 -0.0380551 0.0424861 0.036423 -0.0258928 -0.0261861 0.00709007 0.0423739 0.0478494 -0.0457433 -0.0682701 -0.0230027 0.0330979 0.0021217 -0.00664132 -0.0268997 0.0548632 0.100473 -0.0711387 -0.0110561 -0.0158289 -0.0476065 -0.0351137 0.00284219 0.0323319 0.0313311 0.0736398 0.0142766 -0.10177 -0.0582263 0.0770375 0.0914699 0.0357695 -0.12508 -0.0345359 -0.0237482 -0.0585581 -0.687455 1.80702))
(89.851 0.0668036 0.0272671 #(-0.047951 0.0391961 0.0312392 0.0264315 0.0152606 -0.0229461 -0.0203805 -0.0182092 -0.00178092 0.00435629 -0.00460121 -0.00718773 -0.00219992 0.00637422 0.00988643 0.00875952 0.00355863 0.0092556 -0.00376029 -0.00369781 -0.0084366 -0.0248106 -0.00997018 -0.00992863 -0.00298569 0.00552284 0.0193635 0.0324098 0.00560115 -0.0147652 -0.0174123 -0.0176175 -0.017063 -0.00976483 0.00645685 0.0115746 0.0243375 0.0212918 0.0038104 -0.00756 0.00845826 0.00991446 0.00809276 -0.000765567 -0.0407473 -0.0481121 -0.0785197 -0.118162 -0.175228 1.42139))
(111.491 0.0612596 0.0234406 #(-0.071768 0.0568083 0.0427606 0.0216603 -0.00175519 0.00236969 -0.0168044 -0.027955 -0.00413897 0.00759891 0.00307185 -0.0137154 -0.021489 0.00188837 0.0194342 0.0167963 0.0109949 -0.00132022 0.0129203 0.00409717 -0.016515 -0.035451 -0.0211164 -0.0147696 -0.00623048 0.017651 0.0231703 0.0352329 0.0277801 -0.0201851 -0.0270755 -0.0333369 -0.0135395 -0.0048966 -0.00213377 0.01776 0.0243864 0.0268 0.00479255 -0.0136091 0.00196506 0.0109521 0.0263541 0.00149658 -0.0351393 -0.0414662 -0.0804536 -0.15343 -0.262886 1.52039))
(131.563 0.0385887 0.0171263 #(-0.0518673 0.0134846 0.0263128 0.0468026 0.024454 0.0220736 -0.0400596 -0.0676488 -0.0114445 0.0413724 0.0448596 -0.0289181 -0.0607654 0.00419211 0.039212 0.0198165 -0.0106986 -0.00978497 0.0268256 0.0153281 -0.014289 -0.0258232 -0.021492 0.00140582 -0.0194537 -0.0176859 0.00346931 0.0616223 0.0476843 0.000242224 -0.0396149 -0.0480542 -0.0287999 0.00734256 0.00921102 0.0219239 0.0281868 0.0214498 0.0045841 -0.0526773 -0.0290021 0.0477786 0.066508 -0.00482082 -0.060896 0.00723903 0.00689539 -0.17291 -0.656903 1.81153))
(151.886 0.102626 0.0259939 #(-0.070856 0.0486957 0.0480601 0.0368429 0.0182886 -0.00829156 -0.0513057 -0.0475156 -0.00697538 0.0443591 0.0264049 -0.0186967 -0.046636 -0.00991082 0.0358113 0.0296259 -0.00965236 -0.00183771 0.0116684 0.0166791 -0.0164862 -0.0397139 -0.0181811 -0.0084272 -0.01239 -0.000257272 0.0267701 0.0470878 0.0342028 -0.0154802 -0.0370322 -0.0415501 -0.0235126 1.97047e-05 0.0225005 0.0265028 0.0239742 0.0125777 -0.00895148 -0.0232263 -0.000947537 0.0428729 0.0258008 -0.0298816 -0.037036 -0.00471161 -0.0249833 -0.174155 -0.397768 1.60503))
(165.11 0.169794 0.0320682 #(-0.0409658 0.0441689 0.0293712 0.0214998 0.0154116 -0.00248447 -0.0422952 -0.0478381 -0.00388453 0.0270632 0.0266513 -0.00557179 -0.022944 -0.0116277 0.0116475 0.0182246 0.00737678 -0.00598205 -0.00128794 0.00345216 -0.00394256 -0.00695017 -0.0256291 -0.0322332 -0.012631 0.0176517 0.0309905 0.0230604 0.0224319 -0.0106256 -0.0268479 -0.0207674 -0.00587152 -0.00570336 -0.00197812 0.0122906 0.0205968 0.031643 0.00252642 -0.0332331 -0.00542228 0.0405915 0.0309338 -0.0143715 -0.0384462 -0.0185082 -0.0347614 -0.166035 -0.349634 1.55773))
(177.174 0.178624 0.0317519 #(-0.0375195 0.0292643 0.0300942 0.0307154 0.0193178 -0.00509529 -0.0345436 -0.0373165 -0.0172528 0.0236766 0.0201161 -0.0183973 -0.0276741 0.00996924 0.0330329 0.0152227 -0.00951397 -0.0122329 -0.00113485 0.0194899 -0.0119267 -0.0292984 -0.015638 -0.0142287 -0.0148578 -0.000859865 0.0260062 0.0534978 0.0402742 -0.0219816 -0.040437 -0.0341774 -0.0049463 -0.0116811 -0.0123897 0.0190348 0.0504628 0.0449273 -0.00894907 -0.0495895 -0.0187866 0.0407222 0.046073 -0.00801632 -0.0446076 -0.0182126 -0.03077 -0.167466 -0.369669 1.57394))
(179.99 0.221245 0.03506 #(-0.037004 0.0260371 0.0372679 0.0497295 0.0157299 -0.0244911 -0.0537488 -0.0510671 0.00512908 0.05199 0.0203676 -0.0338469 -0.0238147 0.0127183 0.0230843 0.00442021 -0.0115414 0.00421587 0.0188467 -0.00272606 -0.0256457 -0.0344065 -0.0104499 -0.00267908 -0.00204974 0.00352165 0.02398 0.0343543 0.0255179 -0.0152773 -0.0303301 -0.0266642 -0.0139434 -0.00355751 -0.0084824 0.0107571 0.0423518 0.0526576 -0.00233367 -0.0445417 -0.0249914 0.0319504 0.0506834 -0.0160456 -0.0561795 -0.0084321 -0.00738221 -0.153557 -0.379863 1.55632))
(166.887 0.252327 0.038884 #(-0.0419053 0.0366535 0.0498127 0.0359369 0.00208074 -0.0250268 -0.0524974 -0.0402762 0.00682585 0.0354895 0.0297739 -0.0147708 -0.0304251 -0.00374599 0.0183841 0.0130221 0.00121661 0.00411938 0.00494517 0.000507366 -0.0263356 -0.0463632 -0.0168647 0.0149596 0.0144969 0.00307392 0.0082568 0.0288554 0.0295293 -0.00737698 -0.0363064 -0.0244228 -0.0110509 -0.00137184 -0.01354 0.00159516 0.0392046 0.0550105 0.0155153 -0.0394186 -0.0271276 0.0202588 0.0342747 -0.0055672 -0.0407041 -0.0119139 -0.0198007 -0.157004 -0.344951 1.53129))
(164.943 0.182476 0.0332611 #(-0.0614847 0.034366 0.0618075 0.0440773 0.010115 -0.0176925 -0.0502932 -0.0698586 -0.0117179 0.0583499 0.0553452 -0.0141319 -0.052825 -0.00920142 0.0291995 0.0159293 -0.00586749 -0.00306322 0.0226316 0.00427445 -0.0340741 -0.0437776 -0.0123615 0.00698813 0.00470649 0.00949797 0.00789906 0.0335011 0.0219034 -0.00266724 -0.0265675 -0.030155 -0.0143053 -0.0093868 -0.00158663 0.0163901 0.0203923 0.0417646 0.0187303 -0.0392964 -0.037276 0.0437944 0.0678762 -0.016769 -0.0789091 -0.0197703 0.0398731 -0.156601 -0.511722 1.65878))
(176.99 0.261053 0.0384053 #(-0.06 0.056536 0.045999 0.0280942 0.0117416 -0.0124533 -0.0449422 -0.0463361 -0.00718186 0.0308653 0.0198448 -0.0192072 -0.0242862 0.0065568 0.031481 0.0162032 -0.00801501 -0.00216827 0.0134013 -0.00587761 -0.0383848 -0.0362193 -0.0129257 0.0157857 0.00474063 -0.00184301 0.0202611 0.041013 0.0198278 -0.0191734 -0.029208 -0.0221024 -0.0116136 -0.0121702 -0.00611537 0.0173498 0.0404119 0.0315245 -0.00593292 -0.0237962 -0.000431722 0.0439062 0.0334822 -0.0297822 -0.0607389 -0.0164012 -0.00830834 -0.154607 -0.362478 1.54998))
(176.048 0.159462 0.0300963 #(-0.0377232 0.0103334 0.036835 0.0488153 0.0179723 -0.00819109 -0.0460628 -0.0619188 -0.00111458 0.0446256 0.032363 -0.00836746 -0.0360712 -0.00850298 0.0216202 0.0175984 -0.000914048 -0.0173185 0.00126597 0.0264074 -0.00629105 -0.043736 -0.017196 0.00494882 -0.000320422 -0.012511 0.00430157 0.0466093 0.0305521 -0.0031329 -0.0376142 -0.024873 0.00750779 -0.012678 -0.0104912 0.00134055 0.0376222 0.0412994 -0.0218273 -0.0452171 -0.0128663 0.072725 0.0680508 -0.0173601 -0.0684261 -0.0212582 0.0188153 -0.175166 -0.561992 1.72452))
(171.946 0.2352 0.0369847 #(-0.0512015 0.0329072 0.0503361 0.0280294 0.00184622 -0.0107644 -0.0348259 -0.0337681 0.00209173 0.0265416 0.028044 -0.0189349 -0.0371111 -0.000802031 0.0279831 0.0122725 -0.00874739 -0.00112342 0.0180879 0.000223799 -0.0259366 -0.0351892 -0.00449204 0.00197593 -0.0162875 -0.011366 0.0181628 0.0541492 0.0395807 -0.0167336 -0.0418708 -0.0160073 -0.00774302 -0.00128406 -0.00712924 -0.00703709 0.0178146 0.0397532 0.00726889 -0.0174794 -0.00498909 0.0427668 0.0408804 -0.0175914 -0.0525046 -0.0244365 -0.014682 -0.171468 -0.395718 1.59284))
(185.859 0.163683 0.0296764 #(-0.0468658 0.0116617 0.0555765 0.036102 0.0116869 -0.0136073 -0.0419413 -0.0311445 -0.015847 0.0536179 0.0374088 -0.0318291 -0.0562696 -0.0204646 0.0520056 0.0366832 -0.00267281 -0.0268453 0.00390152 0.0151844 -0.0141306 -0.026449 -0.00214409 -0.00146158 -0.0202671 -0.0306729 0.00986482 0.0542944 0.0595679 0.00293662 -0.0374089 -0.0316308 -0.0279362 -0.00383883 -0.00461755 -0.00381387 0.0302674 0.0462364 0.00234255 -0.0420869 -0.0176493 0.0621579 0.0781717 -0.0259631 -0.0837177 -0.0197173 0.0222038 -0.172749 -0.543442 1.71216))
(211.324 0.258974 0.0350069 #(-0.0303184 0.0212199 0.0351346 0.0323836 0.0108293 -0.0194528 -0.0440712 -0.0258231 0.0179244 0.0423101 0.00743043 -0.040367 -0.0363898 0.0067014 0.0337238 0.0109171 -0.0145224 -0.00777405 0.0187512 0.010748 -0.0157507 -0.020169 -0.00503133 -0.00636303 -0.0319918 -0.0279937 0.0172805 0.0607111 0.0519986 -0.00764891 -0.0419867 -0.0321224 0.0100713 0.00236086 -0.0196657 -0.0170583 0.0223451 0.0362193 0.000122523 -0.0184589 0.0140273 0.0644042 0.0497302 -0.0380606 -0.0744375 -0.0264989 -0.0209174 -0.164711 -0.384479 1.59087))
(230.546 0.254813 0.0332454 #(-0.0214216 0.00872379 0.0339929 0.0315809 0.0174031 -0.0232373 -0.0489485 -0.0241287 0.0209643 0.0453702 0.0190406 -0.0440306 -0.0441669 -0.00157853 0.0268724 0.0234296 -0.000401617 -0.0057701 0.000344993 -0.0054568 -0.0178071 0.0024068 0.0155485 0.000746876 -0.0375718 -0.0484998 0.00853225 0.0571187 0.0551759 -0.0142224 -0.0451274 -0.0277836 0.0263546 0.0402985 -0.0197452 -0.0401687 -0.00351748 0.0313089 0.00705256 -0.0369839 -0.00653953 0.0851077 0.0978434 -0.0156217 -0.102129 -0.0527658 0.00792703 -0.158984 -0.494505 1.67382))
(251.512 0.22152 0.0296775 #(0.00271906 -0.0125085 0.0301646 0.0306547 0.00855251 -0.0179234 -0.0350287 -0.0305762 0.00779454 0.053486 0.0394365 -0.0393962 -0.0650717 -0.0198502 0.0326874 0.039916 -0.0010092 -0.0179188 0.00205602 -0.00398159 -0.00877683 0.0106262 0.0187416 -0.0120917 -0.0564597 -0.0545574 0.0119312 0.0765 0.0649359 -0.0149672 -0.0521681 -0.0268912 0.0228738 0.0277597 -0.00505434 -0.0391086 -0.000955081 0.0337932 -0.00277864 -0.0493297 -0.0119853 0.100552 0.124828 -0.0159932 -0.127861 -0.0612138 0.0295559 -0.144989 -0.555044 1.70991))
(254.186 0.155867 0.0247629 #(0.011018 -0.035849 0.0315776 0.0392745 0.01848 -0.0184897 -0.0290829 -0.049739 -0.000114797 0.0517803 0.04403 -0.0251357 -0.0530782 -0.0079027 0.0214459 0.0319004 -0.0185972 -0.0210457 -0.00556451 0.0118538 0.000887009 0.0257463 0.0265477 -0.0284303 -0.0724463 -0.0721507 0.0469847 0.0785231 0.069301 -0.026447 -0.064972 -0.032767 0.00653783 0.0563972 0.0303594 -0.0350536 -0.0475477 0.0379776 0.00958391 -0.0490296 -0.0492565 0.0859668 0.161288 -0.000991608 -0.140484 -0.0439296 0.0763862 -0.147115 -0.750695 1.84834))
(225.37 0.0803291 0.0188794 #(0.0290101 -0.0687017 0.0407707 0.0383633 -0.0152389 0.00254714 0.0114647 -0.0328925 -0.021924 0.00257726 0.0623568 -0.00416147 -0.0660898 -0.0300196 0.0572706 0.0552422 -0.027837 -0.0653128 0.00149151 0.0264922 -0.00315019 0.0193053 0.0486365 0.00427569 -0.0987687 -0.0861261 0.00501995 0.0945006 0.109231 -0.0131216 -0.077788 -0.0512939 -0.00858637 0.0620822 0.041699 -0.0369608 -0.0380424 0.0273551 0.0409665 -0.0644617 -0.0854918 0.0805598 0.178136 0.0300991 -0.186435 -0.0584791 0.205418 -0.075875 -1.13303 2.07226))
(198.485 0.0417265 0.0144991 #(0.0414603 -0.0623938 0.0061811 0.0288222 -0.0158102 0.0252802 0.00307337 -0.00304176 0.00367747 -0.0489033 0.0357009 0.0204158 -0.0552591 -0.0256414 0.0346049 0.0958179 -0.0284009 -0.100873 -0.00722169 0.0205522 0.0295442 0.033256 0.0421494 0.00768483 -0.110423 -0.0846969 -0.0244979 0.0889337 0.157045 0.00102777 -0.0813333 -0.0900497 -0.0138341 0.0341514 0.0721558 0.00377355 -0.033424 0.010766 0.0245269 -0.0515001 -0.119286 0.0335791 0.213235 0.125951 -0.204453 -0.179761 0.270221 0.202002 -1.65027 2.32378))
(171.548 0.1509 0.0296587 #(0.0250778 -0.0426171 0.00843798 0.0396997 0.0226322 -0.0146932 -0.0283293 -0.01936 0.0069322 0.0354412 0.0250028 -0.0357834 -0.0414478 -0.0136723 0.0292158 0.020287 -0.00117164 -0.00726955 -0.00706735 0.000159039 -0.00407658 0.0190887 0.0257392 -0.0278326 -0.0682253 -0.0552612 0.0202806 0.0931883 0.0784599 -0.037487 -0.082894 -0.0424946 0.0518775 0.0627942 0.000169138 -0.0458972 -0.0190695 0.0107115 -0.00659794 -0.0314802 0.00511231 0.0991288 0.0788463 -0.0108271 -0.0699992 -0.0146887 -0.00873203 -0.228192 -0.553044 1.75651))
(138.651 0.0571929 0.02031 #(0.0213914 -0.0306978 0.00848927 0.0130779 0.00721775 0.00427365 0.00961346 -0.0314829 -0.018867 0.036295 0.03503 -0.0305203 -0.0463152 -0.0107846 0.0382213 0.0409777 -0.0373991 -0.0384969 0.0128019 0.00295524 0.0157249 0.0419502 0.0294107 -0.0318793 -0.11091 -0.0681277 0.0179675 0.131618 0.114326 -0.0427296 -0.109902 -0.0736138 0.0191553 0.091943 0.0543933 -0.0340794 -0.0436619 0.00746334 -0.0066161 -0.0679531 -0.0238454 0.0924077 0.161235 0.0122723 -0.139703 -0.0326624 0.115233 -0.166794 -0.931623 1.99133))
(113.308 0.193753 0.0413518 #(-0.0270571 0.018724 0.0316812 0.0297654 0.00202789 -0.0163134 -0.0290023 -0.0123064 0.0176842 0.0233915 -0.00357253 -0.0336344 -0.0271282 0.00653117 0.0284495 0.0179925 -0.004167 -0.0157728 -0.00964692 0.000267421 0.00122534 0.0146035 0.00149512 -0.0396562 -0.058053 -0.0255875 0.0451789 0.0754793 0.044493 -0.0379303 -0.0597916 -0.015322 0.0420665 0.0354546 -0.0132543 -0.0383832 -0.0285421 0.000937585 0.0195054 0.0265873 0.0502106 0.0593278 0.0136192 -0.0502636 -0.0466451 -0.0180557 -0.0524014 -0.164365 -0.318595 1.53476))
(103.037 0.0623253 0.0245944 #(-0.00724495 -0.00593484 0.0107629 0.0261896 0.0129414 0.00340164 -0.0251773 -0.0270683 0.00747135 0.0385192 0.018441 -0.0377958 -0.0304305 0.00450653 0.0229534 0.00567204 -0.0264594 -0.0176736 0.000876183 0.0471199 0.0172663 0.0124283 0.00241253 -0.0617734 -0.103682 -0.0406255 0.0578767 0.121063 0.0822661 -0.0454017 -0.102194 -0.042812 0.0321046 0.0833275 0.00602523 -0.0478943 -0.043304 0.000262387 0.00598665 -0.00374976 0.0385322 0.079333 0.0654235 -0.0354309 -0.092082 0.00159915 0.0131218 -0.204327 -0.571633 1.75234))
(92.5577 0.120027 0.0360108 #(-0.0398489 0.0324612 0.0367935 0.0220619 0.00704562 -0.0272926 -0.0200099 -0.00659618 0.0169783 0.015708 -0.00599385 -0.0153675 -0.0128987 0.0082064 0.0102226 -0.000522355 -0.00199441 -0.00674596 -0.00220103 -0.00689017 -0.00809083 0.00336812 -0.0126411 -0.0439452 -0.04063 0.00361202 0.0505336 0.0555444 0.02238 -0.0310165 -0.038806 -0.00364963 0.0180895 0.00954 -0.00503501 -0.0195219 -0.0205427 0.00318622 0.0185383 0.0345637 0.0376351 0.0372337 0.00566722 -0.0260961 -0.0314731 -0.0229805 -0.0612615 -0.148592 -0.24421 1.45165))
(66.5989 0.0842179 0.0355606 #(-0.0384904 0.0427509 0.0324356 0.0194716 -0.00585732 -0.0144022 -0.0118444 -0.00525952 0.0111836 0.00537657 -0.00948216 -0.00957872 -0.000929858 0.00996204 0.00650146 0.00151737 -0.00610687 -0.00883977 -0.0111524 -0.00821151 -0.0121669 -0.00254634 -0.0339117 -0.0355781 -0.013952 0.0280202 0.0436449 0.0292268 0.00874941 -0.0239858 -0.0194654 -0.00890681 0.0037191 -0.00475951 -0.00518569 -0.00236431 0.00776458 0.0118334 0.0107269 0.0178917 0.0261446 0.0384696 0.0138593 -0.0230752 -0.043364 -0.0319342 -0.0459236 -0.112816 -0.180369 1.35766))
(42.7254 0.0264534 0.0248827 #(-0.0413135 0.0213958 0.036281 0.0248983 -0.0151715 -0.0222269 -0.00567853 0.00505671 0.017208 0.024368 -0.0203921 -0.0162792 0.000440382 0.0151094 0.0109901 -0.000613158 -0.00984668 -0.00906093 -0.00789341 0.00260445 0.0124987 -0.0123556 -0.0457957 -0.0562666 -0.0106157 0.0486385 0.0540115 0.0360568 -0.00307563 -0.0466828 -0.0306841 0.00913136 0.0174993 0.00528422 -0.0273256 -0.0166686 0.00261137 0.0230377 0.0120899 -0.00600584 0.0223933 0.0459099 0.00977329 -0.0223494 -0.0479412 -0.0230021 -0.0404154 -0.102133 -0.204478 1.38436))
(30.9113 0.0516676 0.0408837 #(-0.014936 0.00941983 0.0118751 0.000575508 0.00581291 -0.00413739 -0.012136 0.0103523 0.00720992 0.0100773 -0.000124851 -0.00765056 0.00255218 0.000894253 0.00544408 0.000794387 -0.00215897 -0.00898489 -0.0117924 -0.00653947 -0.0064785 -0.00840759 -0.0105823 -0.0100678 0.000175767 0.0102663 0.00786819 0.0237505 -0.00215373 -0.0266525 -0.00900966 -0.00600343 -0.0028658 -0.00373159 -0.00238924 -0.00278976 -0.00429102 -0.00212087 0.00253061 0.0127614 0.0230914 0.0151189 0.00146143 -0.0117057 -0.00462498 -0.00318648 -0.0265484 -0.0369997 -0.0675645 1.14867))
(15.3693 0.00836665 0.0233319 #(-0.0341159 0.00806944 0.0216334 0.0174292 -0.0149921 0.016248 -0.0180928 -0.00306738 0.0350942 0.00513288 -0.00769301 0.00579646 -0.0107035 0.0131971 0.00589453 -0.00674269 0.00261838 -0.00786856 -0.00176616 0.00564664 -0.0345646 -0.0240044 -0.0148234 -0.0133658 -0.00412353 0.0369617 0.00196105 0.0368174 0.00564198 -0.0501549 -0.0297051 0.0178704 0.0210161 -0.0155626 -0.00837293 -0.0178571 0.00812323 0.00816448 0.00151141 0.0221456 -0.00390799 0.026406 0.0064334 -0.00797861 -0.0261832 0.013857 -0.0837799 -0.0591936 -0.120175 1.27127))
(7.76696 0.0131245 0.041107 #(-0.0123117 0.00617644 -0.00098044 0.00751582 -0.00251782 -0.00337365 -0.00106648 -0.00202962 0.024234 0.000865013 -0.000377017 0.00388929 -0.00333191 0.0133695 -0.00022004 -0.00378028 -0.00320862 -0.00759729 0.010062 -0.0256383 -0.0192849 -0.0214377 -0.0114302 -0.00124626 0.00155824 0.0193932 0.00236924 0.0225305 0.00325289 -0.026002 -0.0156565 0.0123504 0.013013 -0.00652565 -0.00493443 -0.0110295 -0.00472477 0.0120849 0.0080524 0.00918786 -0.00908903 0.0273415 -0.00444183 -0.0233399 -0.0047778 -0.00719849 -0.0426428 -0.018549 -0.0650151 1.15688))
(8.89632 0.0142545 0.0400286 #(-0.00575181 0.0168131 -0.000191827 -0.023498 -0.00423681 0.025755 -0.0183111 -0.00376236 0.0252077 0.008183 -0.0122062 -0.003721 0.00288939 0.0148372 0.00886276 0.00423061 -0.00963574 0.000873132 0.00541097 -0.0280967 -0.00998672 -0.0238806 -0.0217161 -0.00753574 0.000230236 0.0280799 -0.00512027 0.00849866 0.0322065 -0.0343016 -0.00927757 0.00120511 0.0135002 -0.00237087 -0.0093355 -0.00156968 -0.00792312 0.012794 0.00838747 -0.0119611 0.00605868 -0.00193377 0.0117903 0.00816965 -0.0157005 -0.000300004 -0.0367019 -0.0246368 -0.0709357 1.15223))
(9.78194 0.0170927 0.0418016 #(-0.0124638 0.0024989 -0.00185738 -0.00369259 -0.00329147 0.0015451 0.00184027 0.00970003 0.0141567 0.0120678 0.00775671 -0.00277263 0.00105104 0.000310846 0.00513042 -0.0141369 -0.008812 0.00521768 -0.00206552 -0.00604551 -0.0120649 -0.0176494 -0.0204137 -0.0115251 0.00627893 0.0162767 0.0108663 0.00560173 0.00467505 -0.02242 -0.0112209 0.000456198 0.00829053 2.30481e-05 0.00913467 -0.00846952 0.00517986 0.00864013 -0.00133154 0.00581594 -0.00610526 0.00869507 0.00727336 -0.00365842 -0.0143366 -0.0169279 -0.0336561 -0.0311221 -0.071088 1.16895))
(11.5445 0.0160741 0.0373143 #(-0.0249007 -0.00275895 -0.000517276 0.00756758 -0.00172192 0.0176724 0.00486407 0.00102775 0.0190812 0.027876 -0.00029893 -0.00443258 -0.00532617 -0.0133783 -0.00615458 -0.00822798 -0.00903328 0.00488343 0.0122464 -0.0119956 -0.0122127 -0.0164293 -0.0183456 -0.00082874 -0.00101657 0.00939199 0.0092591 0.0164931 -0.0114048 -0.0252425 -0.0161846 -0.00699262 0.00668263 0.0180297 0.000800448 0.00638066 0.00681553 0.0168308 0.0103385 -0.00081722 -0.00148622 0.00392006 -0.00755191 -0.0011792 -0.0241647 -0.0123012 -0.0393747 -0.0402423 -0.0754633 1.19146))
(13.3295 0.0127553 0.0309342 #(-0.0231698 0.0191559 -0.0139377 0.0092944 0.0121271 -0.000232179 -0.0124583 0.0134314 0.0164421 0.024357 -7.36386e-05 -0.0199401 -0.00337023 0.0151218 -0.00455778 -0.0115682 -0.0172743 0.000976708 0.017724 -0.0074562 -0.0285266 -0.0151716 -0.030822 0.00497904 0.00790638 0.0099445 0.0162362 0.0264739 0.0175367 -0.0501894 -0.0343044 -0.00901378 0.014952 0.0105903 -0.0101648 -0.000755211 0.0171476 0.0293293 0.00838466 -0.0102206 0.00315026 0.0306831 -0.00269206 0.00531439 -0.0326658 -0.0252288 -0.0474296 -0.0704353 -0.143764 1.28812))
(15.3429 0.0120405 0.0280135 #(-0.0309064 0.0271264 0.0147487 0.00498133 0.00106183 0.0147637 -0.040844 -0.0169095 0.0389369 0.0194572 -0.00221378 -0.0170094 -0.00138509 0.0162374 0.00582746 -0.0230331 -0.0117961 -0.00156591 0.0229133 0.027122 -0.0540262 -0.0410968 -0.013133 -0.00158327 -0.0109391 0.0261228 0.0330272 0.0405228 0.0323432 -0.0623613 -0.0561195 -0.00527043 0.00668445 0.0267738 -0.00936441 -0.0283996 0.0234758 0.0255722 0.014511 -0.0129606 0.00174176 0.0403901 0.0353441 -0.000116604 -0.0455759 -0.0479024 -0.0481118 -0.0843258 -0.209947 1.37135))
(17.6721 0.019402 0.0331344 #(-0.0350609 0.0339703 0.0145886 0.000690795 0.000922172 0.00738286 -0.01517 -0.0088783 0.0201723 0.0122574 -0.0158588 -0.0119165 -0.0019645 0.020945 -0.000870479 -0.0108681 -0.00586048 0.00538485 0.0104022 -0.00321434 -0.0157964 -0.0469299 -0.0215821 -0.00373954 0.00283885 0.0148254 0.0275313 0.0364303 0.0161417 -0.0308895 -0.0417433 -0.00377748 0.0165364 0.00397155 -0.0227846 -0.0260575 0.00618754 0.0551286 0.0147865 -0.0176932 0.00941883 0.0495573 0.031147 -0.00860301 -0.0380403 -0.0458936 -0.0610949 -0.096874 -0.18716 1.3588))
(20.0442 0.0140521 0.0264774 #(-0.0709867 0.0453836 0.0460421 0.0146813 -0.0179832 0.00433517 -0.0165851 -0.00628279 0.0245804 0.0150767 -0.0114593 -0.0368579 0.00386748 0.0248403 0.00774181 -0.0237615 -0.0110972 0.00908011 0.0143327 0.012267 0.00781146 -0.0256289 -0.0705544 -0.0244927 -0.0213969 0.0392408 0.0426976 0.0769561 0.011974 -0.0784876 -0.0580746 0.0130622 0.0449024 0.0142022 -0.0384532 -0.0269607 0.00680663 0.0207385 0.0149218 -0.0149792 0.0278171 0.0648385 0.0568704 -0.00419316 -0.0892845 -0.0271809 -0.0635848 -0.137194 -0.290703 1.49428))
(22.8017 0.0273646 0.0346427 #(-0.0720317 0.0448821 0.0348815 0.0233662 -0.000985435 0.00226309 -0.0135519 -0.0209769 0.0167468 0.0101012 -0.0194102 -0.00439263 0.00504041 0.0156837 0.00598467 -0.0264652 -0.0115608 0.0185426 -0.0068165 0.0100013 -0.00188157 -0.018496 -0.0458203 -0.0312296 -0.00116534 0.0335279 0.0330629 0.0395021 0.0183978 -0.0427994 -0.0459782 0.0054253 0.0243994 -0.00582722 -0.0111125 -0.0241409 0.0054475 0.0251814 0.00891366 -0.000905372 0.0228307 0.0523174 0.0382179 -0.00320691 -0.0354807 -0.0419394 -0.0835182 -0.139596 -0.249583 1.45587))
(26.3474 0.0219953 0.0288932 #(-0.0765435 0.0426832 0.0419785 0.0283921 0.00340572 -0.00535423 -0.0212032 -0.0116924 0.00206213 0.00816488 -0.0127589 0.00934433 0.0163962 0.00930891 -0.00568188 -0.0355663 -0.0130979 0.0042239 0.0221761 0.0294585 -0.00590132 -0.0300225 -0.0529725 -0.04428 -0.00514512 0.0547305 0.0372759 0.0478592 0.0239117 -0.0702372 -0.0687804 0.0195622 0.0191373 0.0223794 0.0135526 -0.038104 -0.00282542 0.00433172 0.00929822 -0.00582157 0.0154465 0.0665377 0.0342229 0.00927136 -0.0205276 -0.0192793 -0.0956723 -0.177253 -0.343554 1.56045))
(30.1984 0.030065 0.0315528 #(-0.0979213 0.0706986 0.0397353 0.027229 -0.00146723 -0.00438662 -0.0236935 -0.0188674 0.00900385 0.011066 0.00529251 -0.00704211 0.00609007 0.00670222 0.011048 -0.0216173 -0.0263168 0.00421382 0.0169606 0.0205924 -0.018071 -0.0136472 -0.0356033 -0.0382373 0.00240587 0.00751786 0.0412371 0.0584634 0.033329 -0.0663578 -0.0641406 -0.00811986 0.0285871 0.0444783 -0.00260303 -0.0335565 -0.018181 0.00985673 0.00558086 0.0118218 0.023386 0.0433098 0.0400329 0.0116843 -0.0148176 -0.058095 -0.0779079 -0.157939 -0.31358 1.52513))
(32.1428 0.0318259 0.0314665 #(-0.0775589 0.051683 0.0288251 0.0187194 0.00984706 0.00338128 -0.0202275 -0.00651548 0.0136416 -0.00760369 0.00215332 -0.0233182 0.0134451 0.0247162 -0.00404254 -0.0118734 -0.018538 0.0113604 0.00736548 0.00204067 -0.0115196 -0.0197442 -0.0154772 -0.0363295 -0.0150368 0.0175515 0.0394107 0.053815 0.00585165 -0.0330152 -0.054677 -0.0159929 0.0341672 0.015965 -0.00299163 -0.0189119 -0.0067154 0.0143037 -0.000256563 -0.00532035 0.0260945 0.0429435 0.0476952 0.0109455 -0.0235557 -0.0298008 -0.0826709 -0.176099 -0.325686 1.54201))
(31.4202 0.0318335 0.0318301 #(-0.0971744 0.0647286 0.0577288 0.0197214 -0.00649152 -0.0216951 -0.0189122 0.00437908 0.0284074 -0.000966733 -0.0171446 -0.0107114 0.00440035 0.0142388 0.00532634 -0.0126468 -0.02169 0.00523199 0.0297256 2.45184e-05 -0.00810739 -0.0215433 -0.0335994 -0.053856 -0.00465438 0.037238 0.0491757 0.0548962 0.014561 -0.073022 -0.0403319 -0.0130117 0.00834094 0.0434427 -0.00417276 -0.0078477 -0.0118494 0.00744896 -0.00313036 -0.0123154 0.0214602 0.059643 0.056315 0.00853147 -0.0377529 -0.0250175 -0.0860953 -0.178818 -0.327932 1.55029))
(32.4444 0.0301064 0.0304621 #(-0.0807 0.057348 0.0412646 0.0366669 -0.00996071 -0.0130091 -0.0387371 -0.00774177 0.0350818 0.0241313 -0.0154081 -0.0231186 0.00127267 0.0151109 -0.000317825 -0.0114935 -0.0136006 -0.00971232 0.0131985 0.0123626 0.0233086 -0.0265093 -0.0606854 -0.0258504 -0.0165391 0.0251411 0.0470309 0.053574 0.0180307 -0.0502542 -0.0485886 -0.0164236 0.019835 0.0329606 -0.00101179 -0.0302517 -0.0018849 0.0308459 -0.00743693 -0.0159462 0.0094627 0.0539938 0.0554317 0.0208811 -0.0307534 -0.0204858 -0.0821197 -0.181269 -0.37734 1.5857))
(40.9172 0.0650495 0.0398721 #(-0.0572582 0.0414552 0.0350494 0.0183922 0.00440463 -0.00850967 -0.00613651 -0.0179503 -0.00262387 0.0195232 -0.0131559 -0.00454892 0.00177392 0.0065445 0.00194393 -0.00781929 -0.00616173 -0.00313379 -0.000702812 -0.00178652 -0.014563 -0.0209123 -0.0269462 -0.0162782 0.00491859 0.0228838 0.0258315 0.027738 0.00459301 -0.0176909 -0.0295674 -0.0017052 0.0107792 -0.00448647 -0.00151116 -0.00392171 -0.00643332 0.00597558 0.0150378 0.0149934 0.0222908 0.0451681 0.0323751 0.00353828 -0.0263688 -0.050642 -0.0923144 -0.142247 -0.194605 1.40832))
(42.9245 0.0380718 0.0297817 #(-0.0619835 0.0538987 0.0254833 0.0191851 0.000713942 -0.00965684 -0.0114323 -0.0178469 0.0175577 0.0131995 -0.0072923 -0.00832834 -0.00811007 0.00959091 0.00557504 -0.00996733 -0.00855112 -0.00974844 0.00913783 0.0117909 -0.0045425 -0.0256592 -0.0292943 -0.0307577 -0.00238131 0.0201101 0.0259082 0.0446931 0.0181626 -0.0452096 -0.0297406 -0.0143662 0.023201 0.0203186 -0.00421108 -0.0211625 -0.00441318 0.019116 0.000645667 -0.00607597 0.0221206 0.0483723 0.0479185 0.015123 -0.02304 -0.0353189 -0.100976 -0.171954 -0.291149 1.51649))
(35.4435 0.0741689 0.0457449 #(-0.0592469 0.0408393 0.0310192 0.0213087 0.000897261 -0.0097075 -0.0127374 0.00034184 0.00697528 0.00416767 -0.00709337 -0.00543548 -0.00262597 -0.000460251 0.00462508 -0.000103108 -0.00210094 -0.000600998 -0.0064083 -0.00812498 -0.0110879 -0.014929 -0.0210607 -0.0126928 -0.00625044 0.0121755 0.0253735 0.0353037 0.00209597 -0.0177743 -0.0179092 -0.0111032 0.00635534 -0.000694276 -0.00804003 -0.00382186 0.00598897 0.00926817 0.00874331 0.0115986 0.0207321 0.0434171 0.0317387 0.00501884 -0.0295828 -0.0488442 -0.0859817 -0.140721 -0.179372 1.38875))
(31.5655 0.0508454 0.0401347 #(-0.0590031 0.0481201 0.0415922 0.0145118 -0.00625927 -0.010634 -0.022698 0.00794115 0.0129372 0.011031 -0.00684227 -0.0269145 0.000574552 0.0097944 0.00870401 -0.0154143 -0.00608816 -0.00337432 0.00658044 -0.000562268 -0.0114323 -0.0168882 -0.0267139 -0.0354475 -0.00491647 0.0324642 0.0368173 0.0353376 5.39129e-05 -0.039796 -0.021031 -0.00123375 0.0136188 -0.00348024 -0.00871654 0.00380723 0.0164729 0.0135323 -0.00439517 -0.0080045 0.0109003 0.0528155 0.0444091 0.0206946 -0.0118078 -0.0443984 -0.10415 -0.168437 -0.257971 1.47706))
(30.9527 0.0382595 0.0351577 #(-0.0677928 0.0651594 0.0430938 0.00356799 -0.0158889 0.000628987 -0.0127898 -0.00558382 0.0158968 -0.00226313 -0.00538957 -0.00778266 0.00155987 0.00443769 0.00375692 -0.0105507 -0.0224075 0.00426307 0.00792974 0.000294564 -0.000787178 -0.0161313 -0.0342735 -0.0403149 -0.00675935 0.0293195 0.0435918 0.0478281 0.00545949 -0.0534773 -0.037442 -0.0111263 0.0321929 0.020819 -0.00755799 -0.00482975 -0.00528935 0.0154923 0.00365394 -0.00549552 0.0121106 0.053678 0.0478409 0.019575 -0.0286409 -0.0335462 -0.0765612 -0.177995 -0.331 1.53233))
(31.4075 0.0364452 0.0340646 #(-0.0649986 0.0576299 0.0324902 0.00773543 -0.00458665 0.00495247 -0.0191388 0.000145591 0.000613326 0.00395394 0.000636622 -0.0207581 0.00467082 0.0155624 0.0110861 -0.0131649 -0.0232556 -0.00176555 0.00395216 0.00802351 -0.00893858 -0.021152 -0.016588 -0.0283998 -0.0138537 0.0249458 0.0287153 0.0452579 0.0204232 -0.053952 -0.0535749 0.00280977 0.0440965 0.0328232 -0.0150095 -0.0388665 -0.0096805 0.0162576 0.0154429 -0.00290426 0.029801 0.0596534 0.0460045 -0.00865289 -0.0497685 -0.0141297 -0.0805603 -0.160605 -0.335686 1.53526))
(31.6576 0.0348485 0.0331782 #(-0.0618954 0.0523533 0.0235303 0.0153525 0.00172889 -0.00168407 -0.0110182 -0.0142045 0.0170727 1.99435e-06 0.0017121 -0.0190737 -0.0111033 0.0169703 0.0280168 -0.01063 -0.0322064 0.00426402 -0.00485 0.0146215 -0.00758876 -0.0226077 -0.0252398 -0.0189545 -0.00568113 0.00980641 0.0269183 0.0392206 0.0257317 -0.0475402 -0.0534524 0.00178895 0.0586262 0.0278462 -0.0327184 -0.0414883 -0.0120922 0.029826 0.0131607 0.00598402 0.00931486 0.0642811 0.057244 -0.00679361 -0.0464739 -0.04173 -0.072625 -0.161229 -0.31275 1.52407))
(34.7383 0.0559897 0.0401467 #(-0.0415582 0.026703 0.0259679 0.0111422 0.00204608 -0.00618647 -0.00950887 0.0120808 0.0102095 -0.00150538 -0.0114168 -0.0193223 -0.00463892 0.0133971 0.0187653 -0.00583736 -0.0127744 -0.0100488 0.0111868 0.0106626 -0.0205418 -0.0312655 -0.0304695 -0.0160161 -0.00137347 0.0194299 0.0309445 0.0366569 0.00705069 -0.0166283 -0.0404884 -0.00764167 0.0169512 0.0132674 -0.00907035 -0.0275286 -0.0054365 0.0307347 0.0158178 0.00474018 0.0264909 0.0460957 0.0291759 -0.00850643 -0.0359522 -0.0586856 -0.0731063 -0.11696 -0.205816 1.40186))
(36.4119 0.0463771 0.0356887 #(-0.0389951 0.0307876 0.0205879 0.00908905 0.00555359 -0.0121034 -0.00687764 0.00752914 0.0176609 0.00566536 -0.0208413 -0.0229413 0.00156059 0.00543264 0.00694066 0.00249693 -0.00335328 0.000401892 0.0138262 0.00128668 -0.0283111 -0.0256373 -0.0237493 -0.0291584 -0.00703129 0.0152271 0.0393229 0.0452958 0.0231804 -0.0291094 -0.0417306 -0.00489797 0.0160917 0.000583816 -0.0194554 -0.0235409 0.00563181 0.0393978 0.0237208 -0.00447947 0.0171657 0.0551852 0.0282278 -0.022097 -0.0371377 -0.0598215 -0.0687185 -0.118988 -0.195594 1.40087))
(31.5195 0.0823719 0.0511211 #(-0.0506811 0.032627 0.0260271 0.0133287 0.00707792 -0.00716418 -0.00792555 -0.00164158 4.37169e-05 0.00655899 -0.00403331 -0.00510847 -0.00250636 0.00465444 0.012035 0.0010902 -0.00567664 -0.00723898 -0.00466529 -0.00771452 -0.0268553 -0.0264261 -0.00282889 0.000687852 0.00062155 0.00777579 0.0113666 0.0250398 0.020167 -0.0104087 -0.0261586 -0.0112883 -0.00423545 0.0070317 -0.000811418 -0.0200803 0.00317688 0.0237687 0.0201803 0.0121356 0.0175142 0.033371 0.0253085 -0.00456846 -0.0415392 -0.0596395 -0.0783815 -0.0936876 -0.114877 1.30627))
(25.4029 0.0602808 0.0487134 #(-0.0551556 0.0394576 0.0270103 0.0236226 0.00186073 -0.00761447 -0.00740441 -0.00712806 0.00591052 -0.00309897 -0.00157216 -0.0120145 -0.00111416 0.0139671 0.00880658 -0.0012513 0.00244409 -0.0133322 -0.00925009 0.00123142 -0.034305 -0.0168858 -0.00914378 -0.0110158 0.000306792 0.0116358 0.0236282 0.0251389 0.00218792 -0.00727665 -0.0207191 -0.00825958 0.00274023 -0.00288428 -0.00666814 -0.0172675 0.00904082 0.0154382 0.0150386 0.0254515 0.0314402 0.0294853 0.0295901 -0.00445611 -0.0469681 -0.0574121 -0.0877862 -0.106583 -0.135491 1.339))
(22.7468 0.078061 0.0585811 #(-0.04486 0.0298865 0.0293551 0.0157202 0.00558635 -0.00166327 -0.0153884 -0.00699228 0.00676223 0.00247051 -0.00958823 -0.00736895 0.00134663 0.00697311 0.0112086 -0.000206178 -0.00881016 -0.00624388 -0.00932781 -0.0197023 -0.0190608 -0.011131 -0.0120463 0.000508607 0.00205883 0.0130596 0.00678453 0.017637 0.0173591 -0.00929612 -0.0146321 -0.00917131 -0.0076256 0.0010683 -0.00392937 -0.00849227 0.006057 0.0173038 0.0170559 0.0185356 0.0307804 0.0321241 0.0197208 -0.00024348 -0.0379323 -0.0627024 -0.0771216 -0.096205 -0.116027 1.29578))
(22.8884 0.0716601 0.055954 #(-0.0482403 0.0307585 0.0275873 0.0182651 0.000529184 -0.0022478 -0.00768153 -0.00720601 0.00320312 0.000542559 -0.00613952 -0.00509576 0.000853576 0.00746592 0.00241067 0.00149092 -0.0103518 -0.00548361 0.00260866 -0.00854271 -0.0165325 -0.024049 -0.0159926 -0.0106845 0.00539235 0.0217353 0.013189 0.0138549 0.0113874 -0.00669787 -0.0144154 -0.00952096 -0.00989752 0.000984178 -0.00567269 -0.0075391 0.00597343 0.0157336 0.0231019 0.0212661 0.0260539 0.0267702 0.0234177 -0.00360673 -0.0411499 -0.0479637 -0.0797028 -0.101779 -0.123467 1.30416))
(25.0679 0.0404904 0.04019 #(-0.0569264 0.0393012 0.0442286 0.0105388 -0.0280166 0.0130403 -0.000293758 0.00097423 0.0019422 -0.0135517 -0.0129558 -0.00137247 0.0176797 0.0111486 -0.00223964 -0.00550807 -0.00602055 -0.00683842 -0.0111893 0.0040559 -0.00320025 -0.0210676 -0.0166252 -0.0273107 -0.00925243 0.0352852 0.0153395 0.028238 0.0100151 -0.0296035 -0.0250562 0.00185137 0.0255143 0.00681541 -0.0269629 -0.0225865 0.00339151 0.0176583 0.0135256 0.0128693 0.0308694 0.0396139 0.0268478 -0.00453411 -0.0321182 -0.0411832 -0.0894552 -0.13549 -0.18868 1.40068))
(26.172 0.0414675 0.0398048 #(-0.0630411 0.0445934 0.0340673 0.0179641 -0.0126086 -0.000847251 0.000227371 0.00106207 0.0131494 -0.0118745 -0.0160848 -0.00908814 0.00502605 0.0118554 0.0134411 0.006348 -0.0203072 1.60219e-05 -0.0092216 -0.0131313 0.00614179 -0.023434 -0.0225044 -0.0205765 -0.00759216 0.0190882 0.0216325 0.0341826 0.0139076 -0.0241181 -0.0163891 -0.0082327 0.0124357 -0.00390939 -0.0224453 -0.0154005 0.00127452 0.0147405 0.0170827 0.0260113 0.0421892 0.0303767 0.0235349 -0.0138023 -0.0474366 -0.0434775 -0.0753137 -0.111706 -0.172436 1.36862))
(24.9425 0.0127896 0.0226443 #(-0.0733194 0.0354206 0.0577736 0.0308347 -0.0289842 -0.00604918 -0.014531 -0.0101977 0.0240066 0.0242339 -0.0217081 -0.0255996 0.00547605 0.0210583 0.0282309 -0.0144568 -0.0284572 -0.0338683 0.0165173 0.0371958 0.00744609 0.00585112 -0.0600074 -0.0549116 0.000340121 0.0385451 -0.00124994 0.0513382 0.0555081 -0.0592178 -0.0733577 -0.0170409 0.0586459 0.0553344 -0.0225186 -0.0556362 -0.0233135 0.0506938 -0.00436045 -0.0332437 0.00902178 0.0879455 0.0599741 -0.000640262 -0.0442607 -0.0220114 -0.0610923 -0.165358 -0.458725 1.64915))
(22.7641 0.0174743 0.027706 #(-0.0584102 0.0459445 0.031618 0.0172284 -0.0102017 -0.00307119 -0.0147159 -0.0128069 0.0192186 0.0263737 -0.0162587 -0.0214138 -0.00164627 0.0164729 0.0190751 -0.00745766 -0.0243652 -0.0185078 -0.0136905 0.043886 0.0129518 -0.0298972 -0.0265289 -0.0403765 -0.00958069 0.0232809 0.0161453 0.044125 0.0361099 -0.0522329 -0.0619475 -0.000899218 0.0508566 0.0368301 -0.0180012 -0.0430501 -0.00970191 0.00226846 0.0163143 0.00440859 0.00654716 0.0745107 0.0559268 -0.0237278 -0.0297872 -0.0202482 -0.0711893 -0.150335 -0.394529 1.58051))
(19.5777 0.0125371 0.0253057 #(-0.0826795 0.0683275 0.0428367 0.02936 -0.021953 -0.0169267 -0.0348315 -0.00679442 0.025703 0.045118 -0.00592805 -0.0419876 -0.00936561 0.0199536 0.035517 -0.0131276 -0.0408877 -0.0219309 0.0500002 -0.0214081 0.0310525 -0.0126166 -0.046124 -0.0345309 -0.027267 0.0407647 0.00779675 0.0551954 0.0525408 -0.0538993 -0.0680158 -0.0475148 0.0549138 0.0610506 0.00643009 -0.0500036 -0.0294172 0.0234389 0.0124404 -0.0212963 0.0223014 0.0563873 0.0415865 0.0218463 -0.0398211 0.00419091 -0.103894 -0.150699 -0.43171 1.62141))
(18.2418 0.0253117 0.0372501 #(-0.0607523 0.0562677 0.0384613 0.00424439 -0.0162383 -0.00801906 -0.00889723 -0.00153158 0.0178735 0.00687857 -0.00841403 -0.0109761 -0.000752748 0.0188549 0.0145737 -0.0116472 -0.0244779 -0.0102738 0.00684694 -0.00289441 -0.0144796 -0.0119951 -0.0216497 -0.0176858 0.000835 0.00693356 0.0142641 0.0338318 0.0169442 -0.0304174 -0.03766 -0.00345847 0.0310024 0.00119207 -0.0121249 -0.0113758 -0.00784907 0.0241519 0.0161341 0.0165755 0.0178807 0.0323894 0.0223039 0.0113459 -0.0211709 -0.0354951 -0.0753201 -0.130449 -0.212926 1.39061))
(18.2633 0.0252861 0.0372093 #(-0.045203 0.0314978 0.0349495 0.00211169 -0.00893727 0.00352343 -0.0123056 -0.00291805 0.0126091 0.00904179 -0.00646769 -0.0145041 -0.00502528 0.0120276 0.0164997 -0.0114284 -0.0165834 -0.00612101 0.0129625 0.0025109 -0.0220033 -0.00506117 -0.0341916 -0.0253116 0.0116913 0.0206707 0.00947406 0.0215501 0.018648 -0.0253815 -0.0210033 -0.00128285 0.00803003 0.00165846 -0.00961188 -0.0112029 -0.00390969 0.018762 0.0176612 0.0141336 0.0162613 0.0423988 0.0169786 0.00664183 -0.0149723 -0.0514017 -0.0758318 -0.125953 -0.214712 1.39864))
(17.5015 0.0281862 0.0401311 #(-0.0467037 0.0285618 0.0290192 0.00889659 0.00523947 -0.0106185 -0.00584188 0.00343646 0.0078645 0.00378798 -0.0136156 -0.012084 0.00284047 0.0112584 0.00930852 -0.0112164 -0.00383024 -0.00982824 0.0153711 -0.00475254 -0.018373 -0.0203009 -0.0232701 -0.0175478 0.00286289 0.0183034 0.0126237 0.036949 0.00550275 -0.0201175 -0.0171514 0.000764537 0.00264071 -0.0167697 -0.00575089 -0.00377642 -0.00121029 0.0205625 0.019458 0.00863159 0.025104 0.0386815 0.0262647 -0.00411803 -0.0406888 -0.0471502 -0.083648 -0.103756 -0.174039 1.36212))
(17.2526 0.0295366 0.0413764 #(-0.0459645 0.0347026 0.0174516 0.0140821 0.00442935 -0.00595253 0.000786888 -0.00770935 0.00586936 0.00240675 0.00201615 -0.0114029 -0.00715992 0.0219725 0.00668619 -0.00508303 -0.0104611 -0.00929612 -0.00120529 -0.00989537 -0.0169932 -0.0133932 -0.0188951 -0.000876892 -0.000297876 0.000200907 0.0129674 0.0262989 0.00787067 -0.0241803 -0.0115058 -0.000143185 0.0150916 0.0138443 -0.0335769 -0.0206819 -0.00174932 0.0245576 0.0198266 0.017498 0.020447 0.0325335 0.0246589 0.00835593 -0.033657 -0.0520807 -0.0742558 -0.105502 -0.158577 1.3385))
(17.7939 0.0194564 0.0330671 #(-0.0393023 0.0249954 0.0281254 0.00881808 -0.0170303 -0.000254086 -0.0238422 0.0104953 0.0267727 0.0218212 -0.00832039 -0.0378733 -0.00966003 0.0208957 0.0258569 0.00523595 -0.0125616 -0.0198685 -0.00261361 0.0267587 -0.00756953 -0.0295961 -0.0220904 -0.0216108 -0.022352 0.010996 0.018242 0.0477541 0.0378138 -0.0342758 -0.0460006 -0.0110206 0.0200271 0.0216202 -0.0010694 -0.0481358 -0.00989713 0.0183853 0.0178495 0.0123016 0.00932306 0.0462944 0.0355045 0.00738312 -0.0433972 -0.0431022 -0.0752448 -0.111662 -0.22808 1.41783))
(16.2645 0.0198753 0.0349571 #(-0.0444276 0.0359794 0.0176339 0.0166024 -0.00509977 -0.00228653 -0.0161215 0.0145134 0.0174299 0.000749843 -0.00504707 -0.026946 -0.00241593 0.0172678 0.024325 -0.00596551 -0.0248575 -0.0135324 0.0111395 0.00225044 -0.0129778 -0.0134113 -0.0270257 -0.0234719 -0.000202711 0.0218519 0.00693315 0.0315688 0.0147574 -0.0374582 -0.0197909 -0.0087806 0.0357156 0.00379843 -0.0129535 -0.0288524 -0.0066429 0.02112 0.00394448 0.0222445 0.0191879 0.0458149 0.0290641 0.00188522 -0.0291704 -0.0394177 -0.0755161 -0.123621 -0.231673 1.41693))
(13.9843 0.0203448 0.0381422 #(-0.0406508 0.0247845 0.0280528 0.016247 -0.00667394 0.00575473 -0.00883099 -0.00538796 0.0124414 0.00246849 -0.0144231 -0.0122821 5.65498e-06 0.0240839 0.00861459 -0.00217033 -0.0235125 -0.0168742 0.0055966 -0.00328378 -0.00988276 -0.0124962 -0.0202922 -0.0046567 0.00286656 0.0025336 0.000137633 0.0296567 0.0200221 -0.0189908 -0.0237597 -0.000666055 0.0173422 0.0148898 -0.028545 -0.0280338 -0.00862389 0.0107104 0.0292579 0.0223673 0.0356336 0.027171 0.0365469 -0.00876548 -0.0413912 -0.0440555 -0.0862704 -0.0992445 -0.175119 1.36053))
(13.7519 0.0318418 0.0481192 #(-0.0439203 0.0286811 0.019099 0.0131209 0.00116507 0.00239283 -0.00349781 -0.00764389 0.00731754 0.00111961 -0.0119648 -0.0166307 0.0112826 0.0209392 0.00437699 0.00510248 -0.00768695 -0.0223086 -0.0103192 -0.00707175 -0.0131623 -0.0187769 0.00250121 -0.00532104 -0.0114664 0.00451569 0.0158921 0.0267952 0.00829616 -0.0112708 -0.0156018 -0.00644018 0.00364066 -0.00682353 -0.0102232 -0.0152849 -0.00104906 0.0131723 0.0312335 0.0306407 0.0224566 0.0393104 0.00734389 -0.0167909 -0.0521184 -0.0325935 -0.0547162 -0.0785076 -0.107318 1.25643))
(14.1001 0.036371 0.0507887 #(-0.0416909 0.0311513 0.0216856 0.010757 0.0023053 -0.00539498 -0.0122303 -0.00307753 0.0143497 -0.0013006 -0.00140553 -0.0114054 0.00277976 0.0180154 0.00290372 -0.000693336 -0.0231679 -0.00686742 -0.00978564 -0.00577415 -0.00821437 -0.0128852 -0.00872088 -0.0119665 0.00729519 0.00605096 0.00574081 0.0229577 0.00811213 -0.0167 -0.00908976 0.00335362 -0.00364028 -0.00150706 -0.00937789 -0.0185555 -0.000902989 0.0273121 0.0204276 0.0180267 0.0271863 0.0347298 0.0131781 -0.0189297 -0.042958 -0.0488664 -0.0552135 -0.0687342 -0.0978135 1.24792))
(14.2751 0.0340747 0.048857 #(-0.0375261 0.024581 0.0173357 0.0105803 0.00152478 5.81223e-05 -0.0049663 0.000233414 -0.0059578 0.0172982 -0.0123975 -0.0121001 0.00817213 0.00614464 0.0063125 0.00277281 -0.0072908 -0.00298882 -0.00532286 -0.0151193 -0.0130224 -0.0190079 -0.00477871 -0.00682809 -0.00484661 0.0136435 0.0106479 0.0201277 0.016766 -0.0148155 -0.0230016 0.0010569 0.00368719 -0.00836747 -0.0108471 -0.0115598 -0.000523546 0.020508 0.0238148 0.0105346 0.0278912 0.030346 0.015747 -0.00584426 -0.0429999 -0.0557868 -0.0671162 -0.0745447 -0.115248 1.28424))
(15.2833 0.022009 0.0379483 #(-0.0444502 0.0319226 0.0206898 0.00408402 0.0038444 0.00518289 -0.0102187 0.00644884 0.0154201 0.00243678 -0.0155881 -0.0226183 -0.00535144 0.0143481 0.0263679 -0.00816404 -0.00439294 -0.00726711 0.00245852 -0.0075432 -0.0210695 -0.022927 -0.0121272 -0.00257655 -0.0142863 0.0116892 0.0195945 0.0314798 0.0171628 -0.026222 -0.0236029 -0.00279915 0.0139127 -0.00411994 -0.0220793 -0.0223499 0.0130053 0.0163297 0.014851 0.0168635 0.030113 0.0393203 0.0185481 -0.0032677 -0.0508295 -0.049786 -0.0681459 -0.100596 -0.141854 1.3324))
(16.2369 0.0167683 0.0321361 #(-0.0461453 0.0336128 0.0171639 0.00638196 0.00304988 0.00700732 -0.0124934 -0.0014443 0.0229149 0.00812651 -0.0156464 -0.027978 0.00155632 0.0148617 0.0236262 -0.0053183 -0.0306435 0.0156539 0.00576177 -0.00936416 -0.019092 -0.0214782 -0.0106117 -0.0139679 -0.00487678 0.0153928 -0.000839796 0.0328364 0.0370444 -0.0267438 -0.0258321 -0.0084227 0.00140206 0.0170352 -0.0249207 -0.0137748 0.00622318 0.00877071 0.0176743 0.0140944 0.0160371 0.0299227 0.0280204 0.00486572 -0.0471303 -0.0549004 -0.0792787 -0.0862093 -0.156202 1.34944))
(15.8715 0.00862119 0.0233064 #(-0.0416665 0.0196847 0.0351245 0.00540738 0.000268711 0.000455022 -0.00585776 -0.00906765 0.019069 0.0231938 -0.0242396 -0.0320143 0.00375507 0.0115636 0.0160781 -0.00497688 0.0104297 -0.0136434 0.0112971 0.000516813 -0.0335269 -0.00981996 -0.0165414 -0.0128344 -0.00386654 0.0142686 -0.0124378 0.0254652 0.0577827 -0.0404511 -0.0399016 0.00257038 0.0284287 0.00205934 -0.00698707 -0.0282862 -0.0129552 0.0375839 -0.00052652 -0.00139833 0.010455 0.0601005 0.027725 0.00917528 -0.0452916 -0.0495308 -0.114218 -0.0824053 -0.228428 1.43507))
(14.8358 0.0137405 0.030433 #(-0.035238 0.0325776 0.00811017 0.00564153 0.00956963 0.00160376 -0.00735718 -0.0106363 0.00927161 0.0156551 -0.014077 -0.0256614 0.00892661 0.0141185 0.0219964 0.00497017 -0.0213388 -0.00393183 0.00307147 -0.00527207 -0.00932004 -0.0149748 -0.0293915 -0.0137217 0.0110029 0.00820573 -0.00731358 0.0228706 0.0342061 -0.0270083 -0.0231551 -0.00456665 0.0112681 -0.00073322 -0.00608638 -0.0299522 0.00616215 0.0218085 0.0147894 0.01267 0.0171617 0.0382049 0.0155666 0.00222878 -0.0301421 -0.0626113 -0.101723 -0.0618076 -0.14028 1.33014))
(12.9037 0.0170322 0.0363311 #(-0.0361427 0.0205666 0.0172627 0.017552 -0.00678439 0.00380304 -0.00573859 0.00913126 0.0155822 -0.00543546 -0.00759378 -0.0190302 -0.00357661 0.0192382 0.00804061 0.000652122 0.000361389 -0.0179953 -0.00446666 0.00560995 -0.0184849 -0.0113776 -0.0232038 -0.00865374 -0.000620224 0.00406897 0.00305195 0.0334702 0.0202773 -0.0270967 -0.0247178 0.00910172 -0.000104248 0.000138012 -0.0102208 -0.0169238 0.00120545 0.0203969 0.0133169 0.0181668 0.0202681 0.0266863 0.021128 -0.0131285 -0.0365628 -0.0378504 -0.0756192 -0.0782206 -0.137483 1.31255))
(10.7606 0.0176641 0.0405161 #(-0.0483414 0.0247989 0.0315676 0.00585319 -0.00234617 0.009571 0.00527321 -0.010687 0.0163059 0.00885164 -0.0125577 -0.0134762 -0.00967633 0.0164184 0.00952228 -0.00630756 -0.0123339 0.00271924 -0.00671046 -0.0020015 -0.00886391 -0.0281787 -0.0135787 -0.0134191 0.00144693 0.00931767 0.000242524 0.0183011 0.0329657 -0.0164957 -0.0380229 0.00540505 0.0215291 -0.00189809 -0.0201857 -0.0100815 0.00201447 0.0118938 0.00726428 0.0202927 0.0107608 0.0392477 0.0177106 -0.00825438 -0.0278289 -0.0360925 -0.0803767 -0.0690058 -0.118693 1.27992))
(9.692 0.0163592 0.0410842 #(-0.0435487 0.0238735 0.0221766 0.0130095 -0.0102838 0.0102648 -0.00263138 0.00405493 0.0139175 0.00368894 -0.0144828 -0.0187693 0.000191167 0.0191079 0.0188621 -0.00391941 -0.0163057 -0.0108496 0.0112138 -0.0054916 -0.0242603 -0.0107545 -0.03524 -0.00986785 0.00436468 0.0159444 0.00288566 0.0280451 0.0177601 -0.0226378 -0.0232638 -0.00458616 0.0132367 -0.00669003 -0.00879428 -0.0174804 -0.00444567 0.0183938 0.0174463 0.0192643 0.0206223 0.0364433 0.00547454 0.00493223 -0.0256411 -0.0374557 -0.0770796 -0.0699102 -0.107736 1.2591))
(10.6083 0.0116637 0.0331585 #(-0.0339536 0.0239064 0.0193139 -0.00206308 -0.00420809 0.0162964 -0.00446401 -0.00723342 0.032238 0.00872946 -0.0187994 -0.0242643 -0.0134408 0.0259891 0.0161434 0.00132369 -0.0197008 -0.00519451 0.00655926 -0.00738285 -0.0172127 -0.0237242 -0.0212511 -0.0206254 0.0103538 0.0122223 -0.00456432 0.0447003 0.0352811 -0.0406705 -0.0316736 0.00797188 0.00656864 -0.0115901 -0.0027629 -0.0128048 -0.00570429 0.0118761 0.0188073 0.0222462 0.0124456 0.0410702 0.00791332 -0.00379496 -0.0170523 -0.0476136 -0.0781826 -0.0542285 -0.143112 1.28919))
(13.6333 0.00775797 0.0238547 #(-0.0364152 0.0291058 0.0227928 0.00502204 -0.0253292 0.048831 -0.0291211 -0.014896 0.0320535 0.00774532 0.000503408 -0.0316866 -0.00546139 0.0360913 0.00840064 -0.0208066 -0.0145649 0.000116066 0.00307052 -0.0122648 -0.0118387 -0.0277435 -0.0112472 -0.0110968 0.0148855 -0.00123177 -0.021587 0.0284518 0.0631961 -0.0358807 -0.0443364 0.00976814 0.00940558 0.00815862 -0.0182798 -0.0167586 0.0109045 0.0136983 0.0074112 0.00384714 0.0165089 0.0481128 0.0182451 0.00169633 -0.0279793 -0.0379538 -0.093019 -0.0760834 -0.15798 1.33196))
(14.9529 0.0090799 0.0246421 #(-0.0173912 0.0117589 0.0215592 -0.000100125 -0.00958332 0.0178238 -0.0220747 0.00944662 0.0241577 0.0100921 -0.0118245 -0.0308733 -0.0111011 0.0260419 0.0364623 -0.0174218 -0.0250652 -0.02109 0.0203074 0.00684312 -0.0399599 -0.0207732 -0.0171705 -0.0007063 0.00839398 0.0148383 -0.0116208 0.0395184 0.0320917 -0.0477367 -0.0288544 -0.013006 0.0343035 0.0151606 -0.0250012 -0.0238014 0.010687 0.0287551 0.00443121 -0.00885899 0.0187292 0.0305535 0.0398672 0.0256628 -0.0622547 -0.0391768 -0.0803045 -0.063373 -0.174028 1.33167))
(15.4713 0.0103036 0.0258065 #(-0.0317778 0.0220012 0.023046 0.0107401 -0.00700271 0.0157947 -0.0168062 -0.0275037 0.0367403 0.0183112 -0.0155777 -0.0184876 0.00537082 0.00657688 0.00920857 -0.00738122 -0.0258576 -0.00495231 0.0158989 0.0138713 -0.0316929 -0.0372503 -0.00456503 0.00398878 -8.80907e-05 0.00931697 -0.0254795 0.0441872 0.0447222 -0.0413425 -0.0365677 -0.00544457 0.0244433 0.0112955 -0.0182531 -0.0124006 0.00266321 0.0168735 0.014526 -0.0109792 0.0141278 0.0440501 0.000770168 0.0424379 -0.0278247 -0.0526684 -0.0777227 -0.0873046 -0.175866 1.34552))
(14.1187 0.00916422 0.0254771 #(-0.045858 0.0400202 0.0205128 0.00743514 -0.00145771 0.00837235 -0.0248272 -0.00172827 0.0233621 0.0100241 -0.0135858 -0.0126684 -0.00336266 0.0149539 0.0171219 -0.016675 -0.0227132 -0.000102549 0.020379 0.00582718 -0.016864 -0.0320013 -0.0340711 0.00940389 -0.00660789 0.0171697 -0.029894 0.0563412 0.0606243 -0.07549 -0.0483998 -0.000330146 0.0359239 0.0257492 -0.00142432 -0.0289091 -0.0018749 0.012466 0.00260386 -0.0152575 0.00862908 0.053457 0.03697 0.0345913 -0.0435553 -0.039316 -0.0996627 -0.0778146 -0.205904 1.3743))
(12.5142 0.0109789 0.0296196 #(-0.0372881 0.0196089 0.0233113 0.000903561 -0.0047855 0.0192033 -0.00402685 -0.00304796 0.0072131 0.000961789 -0.00506267 -0.0118756 0.00342084 0.015397 0.00417627 0.00558174 -0.014547 -0.00178372 -0.00917506 0.0153024 -0.021183 -0.0321192 -0.0190146 -0.0116695 0.0083767 0.00252157 0.0031781 0.03148 0.0255226 -0.0305256 -0.0148153 0.00160903 0.010152 0.00196973 -0.0133266 -0.0138634 -0.0111339 0.0246016 0.00657759 0.0046415 0.0102237 0.0405588 0.0267124 -0.0205946 -0.0262742 -0.0302408 -0.0733365 -0.0751875 -0.141942 1.30887))
(13.1881 0.0149057 0.033619 #(-0.0392646 0.0235916 0.0113109 0.0165674 0.000356377 0.0096727 -0.00454504 -0.0118521 0.0189847 5.30982e-06 -0.00576891 -0.00829558 -0.00267612 0.0116296 0.0180062 -0.00463104 -0.015852 -0.0119515 0.00220159 0.00224108 -0.027798 -0.0126524 -0.0149994 -0.00157439 -0.00384594 0.00016854 0.00338744 0.0262442 0.0138858 -0.0262235 -0.0060537 -0.000456936 0.0188089 0.00153812 -0.0108762 -0.0196819 -0.00571758 0.0244648 0.0111209 0.00558558 0.0127132 0.0348169 0.015571 -0.0175171 -0.0217261 -0.045869 -0.0708379 -0.0505154 -0.114525 1.26721))
(12.7999 0.015072 0.0343149 #(-0.0333835 0.0122214 0.0259325 -0.000845576 -0.00411607 0.0249855 -0.00362802 -0.00123161 0.00374519 0.00881159 -0.00779002 -0.0221836 -0.00150112 0.0259934 0.00794084 -0.00206094 -0.0134564 -0.00876726 -0.00201227 -0.0224425 0.00930002 -0.0259136 -0.0165928 -0.00342897 -0.00262414 0.00704048 -0.00242533 0.0235934 0.0114056 -0.0151016 -0.0109616 0.00159531 0.0111167 -0.000793585 -0.00855475 -0.0193289 0.00818316 0.0173823 0.00418687 0.0104691 0.0231481 0.0104235 0.0158543 -0.00351913 -0.0424822 -0.0357488 -0.0522538 -0.0381995 -0.0936292 1.22602))
(12.2473 0.0193377 0.0397359 #(-0.0208312 0.0113622 0.0107963 0.0102407 -0.0113957 0.00688707 0.00914879 -0.00983215 0.00520417 0.00334524 -0.0068846 -0.004754 -0.00291994 0.0137996 0.0146112 -0.00155131 -0.0176285 0.00365784 -0.0104858 -0.0192718 -0.000923549 -0.0131308 -0.0111267 -0.00719019 0.000579761 0.0111471 -0.00676168 0.0234209 0.0115352 -0.0168934 0.0025673 -0.00926516 0.00685466 -0.00665536 -0.00981694 0.000390394 0.00485606 0.00488992 0.00723448 0.0167406 0.00949511 0.00968203 0.0148381 -0.0192989 -0.0238238 -0.0274632 -0.0505583 -0.0318813 -0.0690697 1.18902))
(12.5963 0.016594 0.0362957 #(-0.022897 0.0164408 0.00922307 0.00712825 0.00029965 0.0126678 -0.00781488 -0.00903336 0.00276701 0.00841422 -0.00438664 -0.00758085 0.00516114 0.00530365 0.00871018 -0.00177273 -0.00100205 -0.00497492 -0.00829477 -0.00643409 -0.0175788 -0.016037 -0.0116676 -0.00203718 -0.000523905 0.0101769 -0.00147634 0.0081845 0.0146411 -0.0119274 -0.00436797 -0.000224399 -0.00513704 -0.00984378 0.0115129 -0.0102507 0.00516442 0.00549147 0.00572397 0.0118901 0.0113157 0.0218897 0.00945389 -0.0113134 -0.0298536 -0.0302538 -0.053088 -0.0372686 -0.0642578 1.19366))
(13.5525 0.01008 0.0272723 #(-0.0123657 0.0053427 0.019458 -0.0176663 -0.0176549 0.0404966 -0.00390325 -0.00579765 0.00887555 0.00317001 0.00172718 -0.00829583 0.010417 0.0153962 -0.00556122 -0.00680748 -0.00745445 -0.00852993 -0.00462103 -0.0159715 -0.000628177 -0.0183191 -0.0147015 -0.00193298 -0.00415885 0.0236506 -0.0098982 0.015603 0.0132994 -0.0134173 -0.00543716 0.00140853 -0.000410987 -0.0155814 -0.00399504 -0.000352762 -0.00284362 0.0100352 0.0139833 0.0156556 0.00280102 0.00782334 -5.04827e-05 -0.0182239 -0.0189623 -0.0239327 -0.0540221 -0.0168124 -0.0578101 1.18215))
(12.068 0.00596845 0.0222389 #(-0.00770466 -0.00247063 0.020446 -0.00341433 -0.0175267 0.0299728 -0.00334073 -0.021708 0.0222189 0.00349176 -0.00219307 0.000507939 -0.000906229 0.0251413 -0.00347692 -0.0193672 -0.008356 0.0107288 -0.00522202 -0.0373399 0.0110019 0.00334983 -0.0260176 -0.00508717 0.0076833 0.0123874 -0.0218113 0.0217126 0.0137616 -0.0343426 0.00107652 -0.0108971 0.00723602 -0.0140256 0.00945629 0.008111 -0.013161 0.0263409 0.00322294 0.0169951 0.0125402 0.00634017 -0.0281478 0.00833678 -0.0210252 -0.0480639 -0.0657505 0.00962592 -0.0670183 1.193))
(8.95623 0.00286173 0.0178752 #(-0.0299596 -0.00271054 0.0316405 0.00830122 -0.0430843 0.052154 0.00778072 -0.0218403 0.015222 0.00900955 0.000450335 -0.0294424 0.0109118 0.0305165 0.0185617 -0.0211344 -0.00754338 0.000348268 -0.015125 0.000259483 -0.00953378 0.00744751 -0.0392438 -0.0133562 -0.0140394 0.0473366 -0.0574915 0.0274957 0.0739216 -0.0633229 -0.00625577 -0.00332914 0.0318236 -0.039495 -0.0259531 0.0239393 -0.0180297 0.0156937 0.0245471 0.0241233 0.00445331 0.0143366 -0.0112595 0.0136985 -0.0568217 -0.0400073 -0.106216 0.040655 -0.0915969 1.22924))
(6.49921 0.00445611 0.0261847 #(-0.0170517 -0.0101715 0.0184278 0.00588615 -0.0192503 0.0377397 -0.00414877 -0.0237132 0.0261238 0.0049736 -0.00638682 0.00527185 -0.00923617 0.0111306 0.0255296 -0.0039067 -0.0151077 0.00377979 7.06266e-05 -0.0208127 0.00467839 -0.022734 -0.0168833 -0.00336075 -0.01055 0.033853 -0.0379811 0.010155 0.0492233 -0.0412482 -0.00933746 -0.0204949 0.0208357 0.00125835 -0.0115378 -0.000968487 0.00445165 0.00835097 0.00622662 0.0115168 0.000545416 0.00342692 -0.00927968 0.0260598 -0.0528268 -0.0332704 -0.0524391 0.0325668 -0.0789734 1.17526))
(5.25729 0.00395311 0.0274213 #(-0.0240403 0.0205123 0.0153895 -0.0123595 -0.0220413 0.0554869 -0.00704868 -0.0433425 0.0501927 -0.00331648 -0.0181042 -0.0055328 -0.0079657 0.0218988 0.0184512 0.000216515 -0.0131423 -0.00679136 0.0172376 -0.0200239 0.00385909 -0.0187232 -0.0339574 -0.0205053 0.00639417 0.0217717 -0.022982 0.0227078 0.0735146 -0.0648862 -0.0373938 0.00153798 0.00527095 0.0142592 -0.0107342 -0.0298141 0.00548001 0.0163492 -0.00212356 0.00278833 0.0101466 0.0397622 0.0149 0.023642 -0.01529 -0.0428728 -0.0909119 0.00412615 -0.130688 1.23334))
(4.64889 0.00405787 0.0295443 #(-0.0083154 0.00615811 0.0229795 -0.0118895 -0.011159 0.0234972 -0.00391371 -0.0106054 0.0152195 0.0045161 -0.0309345 -0.0133451 0.0142733 0.0022754 0.0224104 0.00053866 -0.0105869 0.014126 -0.00594441 -0.016928 0.000217074 -0.00374499 -0.0370543 -0.0101543 -0.0131152 0.0467066 -0.0290259 0.0361985 0.048131 -0.0712857 -0.010248 0.0200725 -0.00527912 -0.033853 0.00625684 -0.0132771 -0.00059062 0.00807303 0.0207666 -0.005388 0.00403096 0.0390784 0.0263475 0.00420176 -0.0247701 -0.0169901 -0.0981137 0.00202813 -0.122794 1.22287))
(4.2687 0.00527028 0.0351374 #(0.0119431 0.000370011 0.00297805 -0.0086345 -0.00619318 0.0209268 -0.0214211 -0.00264095 0.000795118 0.0018904 0.00504403 -0.00221174 0.000734628 0.0115394 0.00269348 0.00862158 -0.0112626 0.0128954 -0.0100209 -0.0261409 -0.00341844 -0.00612675 -0.023003 0.0109423 -0.00282099 0.0203828 -0.0265252 0.0270202 0.0322998 -0.0362086 -0.00119129 -0.0153138 -0.00350063 0.00240223 -0.0210972 -0.00135233 -0.00711855 0.000712969 0.0123906 -0.00078104 0.000209776 0.0312843 -0.00727613 0.0274143 -0.0141633 -0.0350039 -0.0442454 0.0167168 -0.0482093 1.11671))
(5.08667 0.00434494 0.0292264 #(-0.00272251 0.00941567 0.00822995 -0.014127 -0.00472909 0.0256388 -0.0205545 -0.00637778 -0.0112651 0.0378657 -0.0158337 -0.00984417 0.00216444 0.030978 -0.00207667 -0.00625094 -0.00241573 0.000887676 -0.0113091 -0.0167408 -0.00726853 -0.00532588 -0.0106122 0.000375745 -0.00057362 0.0254724 -0.018358 0.0306097 0.0326059 -0.0225176 -0.0471872 0.00568396 -0.0101327 -0.0167238 -0.0112461 -0.0017848 -0.00424018 0.0120333 0.0037898 0.0135469 0.0227388 0.0193921 -0.0318962 0.0246949 -0.0262602 -0.0227707 -0.0672516 0.0572928 -0.0571018 1.11738))
(5.64243 0.00660276 0.0342082 #(0.00180166 0.00187813 0.00574493 -0.000219231 -0.0214208 0.0292124 -0.0171232 -0.0116133 0.0143524 -0.0080191 0.00040181 -0.000264368 0.00500117 0.0156718 0.00494422 0.00107104 -0.0174182 0.00156305 -0.00116767 -0.0143132 -0.00873124 0.00879861 -0.0235025 -0.00555377 0.0159542 0.0120798 -0.00968709 0.0101018 0.0241207 -0.0283285 -0.00464771 0.00488285 -0.0317064 0.000691314 -0.0122031 -0.0076785 0.00264264 0.00947001 0.0122303 0.00967777 0.0183964 0.00361356 -0.0121287 0.0116267 -0.0186891 -0.0143781 -0.0485434 0.0242676 -0.0335089 1.09521))
(4.34906 0.00506972 0.0341424 #(0.0023974 -0.00279862 0.0120042 -0.00157989 -0.0157521 0.0239786 -0.0126398 -0.0135926 -0.0020871 0.00151955 -0.00174203 -0.00773394 0.0159697 0.00780768 0.021657 0.00663021 -0.0142795 0.00149963 -0.00494957 -0.00158777 -0.0254905 -0.0117564 -0.017529 -0.00628616 0.00849666 0.00422017 -0.0116558 0.0310608 0.0345892 -0.0316539 -0.0132967 -0.00584913 0.00354922 -0.0173338 -0.0110622 -0.0096414 0.00859083 -0.0039589 0.0226801 0.0154026 0.00896204 0.0230092 0.00481482 0.00292927 -0.0234833 -0.0254714 -0.0981472 0.0441442 -0.0688532 1.14897))
(2.61565 0.00474862 0.0426083 #(0.00879548 -0.00707132 0.0105265 0.00589761 -0.0181165 0.0122799 0.000610275 -0.0196829 -0.011157 0.0120507 -0.0115164 -0.0105635 0.0167566 0.0110644 0.0208706 0.00165262 0.00444448 -0.00889109 -0.00448973 -0.00204069 -0.0176097 -0.0204983 -0.00444134 -0.0102928 -0.000729621 0.00828533 -0.0156112 0.0249824 0.046813 -0.034427 -0.0110774 -0.0109798 -0.00690826 -0.00195731 -0.0157386 -0.00195138 0.00642795 -0.00283065 0.0119922 0.0211103 0.0124749 0.0247881 0.0132657 -0.00455936 -0.0371286 -0.0106291 -0.0739445 0.0263266 -0.0843839 1.15059))
(2.02703 0.00255318 0.0354904 #(0.0134249 -0.00506588 0.00680395 0.0105582 -0.0323818 0.0493337 -0.0217674 -0.0241798 0.00928927 -0.023553 0.0104105 -0.0160771 0.00235487 0.00839372 0.0312377 0.00805041 0.000414273 -0.0136668 -0.0141831 0.0145558 -0.01835 -0.0176581 0.00780919 -0.0178566 -0.00798348 0.0228851 -0.0520132 0.0414188 0.066511 -0.0612651 0.00654983 -0.0331677 0.0129804 -0.0240143 0.0167766 -0.000209965 -0.0232557 0.0166038 0.0163538 0.0123617 -0.00410349 0.0241719 -0.00992855 0.0157116 -0.0186285 -0.0253129 -0.0767908 0.0521641 -0.0693304 1.12793))
(2.64432 0.00171959 0.0255009 #(-0.0191815 0.0127539 0.0107323 0.00105373 -0.0253985 0.0548691 -0.00350344 -0.0407332 0.00805417 -0.00516293 0.0269923 -0.0481122 0.045745 -0.00949443 0.029402 0.00253762 -0.0224486 0.00621702 -0.0126075 -0.000360755 -0.0107886 -0.00802914 -0.0263488 -0.00418882 0.00777657 0.0122917 -0.0655835 0.0318259 0.0745041 -0.046913 -0.0178272 -0.014913 0.00287156 -0.0266232 0.016267 0.00797917 0.00580041 0.0114133 0.00738462 0.0441676 -0.0136994 0.0335519 -0.0324743 0.0188773 -0.0348701 -0.0234333 -0.174669 0.177908 -0.0964444 1.12857))
(3.49525 0.0028907 0.0287582 #(-0.022997 0.00390569 0.0195987 -0.00368246 -0.0249804 0.0205793 -0.000749982 -0.0146779 0.0253093 -0.027436 -0.00506964 0.0229678 0.0122114 -0.00660955 0.0289347 0.00446956 -0.0240813 0.0124458 -0.000533498 -0.0357979 -0.00426894 0.00482643 -0.0216519 0.00376066 -0.0166858 0.0254196 -0.047756 0.0296842 0.05304 -0.053725 0.0233847 -0.00627376 -0.0327575 0.0242391 -0.00986949 0.0018908 0.0199183 -0.001377 0.00140167 0.0246927 0.00391399 0.00494078 -0.0242442 0.0174991 -0.0272264 -0.0343578 -0.0611368 0.0862893 -0.0566336 1.08269))
(3.59173 0.00241115 0.0259096 #(-0.0280463 0.00239539 0.0275002 -0.0139323 -0.0348279 0.0607939 -0.0263654 -0.0111383 0.00125177 0.0134574 -0.0201514 0.0256755 0.0152298 -0.0129894 0.040595 -0.0242227 0.0223003 -0.0198948 -0.00945686 -0.0104881 -0.0149074 0.000106048 -0.0155021 0.00164234 -0.0275243 0.0334275 -0.0597113 0.0490029 0.0458835 -0.0406038 -0.00296535 0.00162114 0.00027736 -0.0194494 0.0124248 -0.00222679 0.0104655 -0.00167292 0.00815926 0.0283748 -0.0225562 0.0143205 -0.0188394 0.00579293 -0.0147764 -0.0167599 -0.050156 0.0847534 -0.0659405 1.07315))
(2.26719 0.00255288 0.0335561 #(-0.0136514 -0.00925972 0.0167188 -0.00485284 -0.0336646 0.0412232 -0.000246899 -0.0298077 0.00712888 0.0134616 0.0103107 -0.00485241 -0.00127703 0.0164119 0.0132654 -0.019095 0.00456902 -0.00259853 -0.000275873 -0.0127027 -0.00593184 0.0101047 -0.0413224 0.018843 -0.0107773 0.0150738 -0.0289957 0.0254439 0.0380609 -0.0406301 -0.00392326 0.0172783 -0.00857435 -0.0223009 0.00749708 -0.0165367 0.0238457 0.018136 -0.00458933 0.00245699 0.00172918 0.00670983 -0.024566 0.00660529 -0.0205404 0.00950086 -0.0578217 0.0939725 -0.0510117 1.04425))
(0.609353 0.00163717 0.0518337 #(0.00316256 -0.0122567 0.00518264 0.0126123 -0.0397706 0.0392831 0.0116002 -0.0471934 0.00805918 -0.00560564 0.000558784 -0.00409364 -0.00452707 -0.00113856 0.0257756 -0.00932488 0.00381936 -0.00247659 0.00301922 0.00335715 -0.00619763 0.0345422 -0.0321831 0.00519092 -0.00104381 -0.021393 -0.028818 0.0308446 0.0615516 -0.0569711 -0.0213437 0.00541473 0.00891156 -0.00345845 -0.00526036 -0.0140875 0.0217332 0.0150425 0.00302012 0.000750344 -0.0227373 0.0355403 -0.0606219 0.0543924 -0.0197096 0.0106198 -0.0761164 0.133679 -0.0540805 1.00403))
(0.116473 0.000738204 0.0796116 #(-0.0020667 -0.00708028 0.00649903 0.00525495 -0.0577545 0.0708488 0.0241519 -0.0957537 0.0444855 0.00816514 -0.0260424 -0.00887706 0.0161092 -0.00643925 0.0365329 -0.0114855 -0.0214506 0.00323551 4.06337e-05 0.00984418 0.00579543 0.0340158 -0.0244511 -0.00303321 -0.0329481 0.0117391 -0.0672089 0.0657941 0.120411 -0.0823802 -0.0449917 0.00125354 0.00608117 -0.0209081 -0.0254859 0.0413741 -0.00546445 0.0228035 -0.0102555 0.0282721 -0.0411615 0.0264412 -0.0625765 0.0651369 -0.0960416 0.0914793 -0.12826 0.244372 -0.0968032 0.978677))
(0.0472545 0.000482073 0.101003 #(-0.0132409 -0.00177229 -0.00651967 0.0181785 -0.057867 0.0886454 -0.0060562 -0.0415304 -0.00604645 0.00809692 -0.0261498 0.0308232 -0.0207518 0.039377 0.0286866 -0.00414628 -0.101779 0.0925687 -0.0566329 0.0285281 -0.0124488 0.0429751 -0.0231868 0.00492606 -0.0382182 0.0353667 -0.0854897 0.072105 0.138783 -0.152908 0.0118608 -0.0236536 0.0280545 -0.0358662 -0.00158007 0.0410328 -0.0307116 0.0351427 -0.0487812 0.0650863 -0.105127 0.0931477 -0.118991 0.157664 -0.204664 0.186411 -0.180145 0.351459 -0.130844 0.92427))
(0.0200657 0.000490229 0.156305 #(-0.0167117 0.0226238 -0.0290179 0.0310399 -0.05596 0.0754746 -0.00102182 -0.0240663 -0.00557826 -0.00226293 0.00760277 0.00121096 -0.0371931 0.0368175 0.00439128 -0.00121828 -0.0701961 0.0851828 -0.0429475 0.0221135 -0.0202851 0.0294757 0.0173632 -0.014941 0.0101552 -0.0156045 -0.0714142 0.0373879 0.140392 -0.155288 0.0474913 -0.015392 0.010226 -0.0506144 0.00775825 0.0425248 -0.0111819 0.0198418 -0.0465491 0.0473969 -0.0958641 0.069069 -0.0800155 0.135248 -0.167486 0.159519 -0.163318 0.341011 -0.122999 0.899713))
(0.0189561 0.000463645 0.156394 #(0.0136824 -0.010146 -0.00340101 0.00501791 -0.052312 0.0825702 -0.0198587 -0.00941267 0.00742931 -0.00822124 -0.00559287 0.0070671 -0.0295775 0.0163785 -0.000200317 -0.0124918 -0.0388802 0.0517694 -0.0148913 -0.0019372 0.0130002 0.0529274 -0.051331 0.0468511 -0.0493757 0.0488883 -0.0877978 0.0390208 0.120372 -0.130924 0.00454228 0.0284801 -0.0370236 -0.0207961 0.00413483 0.0556726 -0.0461664 0.043992 -0.0572133 0.0680651 -0.129146 0.0933036 -0.0903923 0.0963898 -0.115223 0.173486 -0.16108 0.327376 -0.109485 0.877362))
(0.0157623 0.000457797 0.170422 #(0.00679172 0.0179331 -0.0180012 0.00985177 -0.0710897 0.0804711 -0.0138887 -0.00160079 -0.0130131 -0.0116605 -0.00195402 0.0102408 0.00544203 -0.00882841 -0.00664669 -0.000185585 -0.0333044 0.0571107 -0.0324269 0.00482369 0.00173713 0.0817342 -0.0689869 0.0314419 -0.0416472 0.0452527 -0.104628 0.0733021 0.109757 -0.112525 -0.040671 0.0457447 -0.033124 0.0189072 -0.0182032 0.0382207 -0.0430175 0.0633007 -0.0880582 0.0891837 -0.145313 0.126151 -0.130188 0.133809 -0.156576 0.210072 -0.192572 0.343954 -0.102867 0.867452))
(0.0193939 0.000457706 0.153625 #(-0.00460792 0.0355563 -0.0550596 0.043009 -0.0897849 0.0978742 -0.0187992 0.00582897 -0.0109002 0.000631806 -0.0163601 0.0133513 -0.0165699 0.0221935 -0.0312557 0.04581 -0.0629084 0.0434437 -0.0167021 0.0323193 -0.0250667 0.0627469 -0.0306966 -0.00490861 -0.0368386 0.0217197 -0.0728413 0.0668549 0.145474 -0.169416 0.0122649 0.00448438 0.013949 -0.0353851 0.020688 0.00875267 -0.0340474 0.0569403 -0.0747049 0.0865628 -0.127027 0.0997718 -0.118786 0.172951 -0.208013 0.216935 -0.215728 0.401293 -0.19069 0.923122))
(0.0267348 0.000456167 0.130624 #(0.0221721 0.012707 -0.0342673 0.0498141 -0.125798 0.0945948 -0.009383 -0.0118047 -0.00833615 0.0354772 -0.041698 0.0220065 -0.043747 0.0427328 -0.0334768 0.0279624 -0.0268537 0.00968139 0.00111546 0.0377293 -0.0348329 0.0808209 -0.0457136 0.00457449 -0.0453242 -0.0107467 -0.0188348 0.0300905 0.173791 -0.194862 0.0537233 -0.0419804 0.0496971 -0.0701674 0.0499813 -0.00747099 -0.0222291 0.0273433 -0.0549461 0.0661543 -0.122178 0.0944649 -0.101576 0.17229 -0.189446 0.207714 -0.21558 0.418696 -0.215629 0.931565))
(0.0200745 0.000471228 0.153212 #(0.0163527 0.00660207 -0.0143944 0.046632 -0.126296 0.118434 -0.0369965 -0.00451566 -0.0201182 0.0417401 -0.0308534 -0.00543496 -0.0172945 0.0438493 -0.0319897 -0.0176332 -0.00909391 0.00684448 0.00776292 0.0226499 -0.00129345 0.0597638 -0.057499 0.0439582 -0.0376084 -0.009205 -0.0282326 0.0349981 0.136497 -0.137021 0.0108061 -0.0220325 0.0138336 -0.0341895 0.00554748 0.0125278 -0.0174402 0.0430164 -0.0595981 0.048263 -0.112704 0.102835 -0.101221 0.15651 -0.167554 0.189205 -0.200076 0.383302 -0.1668 0.902884))
(0.0178948 0.000884452 0.222317 #(-0.00627428 0.017076 -0.0217517 0.0596357 -0.115011 0.137658 -0.140797 0.0413646 -0.025147 0.0409271 -0.0298679 0.0230878 -0.00804102 0.0133819 -0.0343905 0.081481 -0.0160831 0.031044 -0.0362416 0.0814956 -0.0892642 -0.0230409 -0.0232022 0.112084 -0.0729296 -0.0349948 0.00901226 -0.0373362 0.140441 -0.0702999 -0.00257567 -0.0348515 -0.00258082 0.0140751 -0.0718087 0.0880132 -0.061838 0.0690842 -0.118292 0.142831 -0.185955 0.190591 -0.155962 0.45873 -0.106312 0.127302 -0.523777 0.419269 -0.501987 1.22411))
(0.014956 0.000914502 0.247278 #(-0.023965 0.0260125 -0.0174047 0.0515138 -0.0830966 0.07056 -0.0839288 -0.00253678 0.0274258 -0.000953763 -0.00370321 0.0051892 0.0273904 -0.020619 -0.0100326 0.0564985 0.00785514 0.0225726 -0.0248022 0.0636671 -0.0849298 -0.0493795 0.0247842 0.0783257 -0.054683 -0.0485245 0.00161631 -0.0165824 0.139226 -0.0743001 -0.00122059 -0.0566757 0.0247024 0.00172735 -0.0647441 0.0783151 -0.0575751 0.0609131 -0.105484 0.127889 -0.170536 0.193175 -0.164876 0.462587 -0.105663 0.112055 -0.495609 0.396188 -0.497893 1.21815))
(0.00871568 0.000567858 0.255252 #(-0.0124666 0.0309579 -0.00109739 0.0135459 -0.057433 0.0477187 -0.0502651 0.00271826 0.0372547 0.0164188 -0.0446111 -0.0127535 -0.0377459 0.05085 -0.0332468 0.0648767 -0.0421368 0.0453716 -0.00560286 0.010505 -0.0502685 0.0272348 -0.0168195 0.0334298 -0.045445 0.0609193 -0.0939262 0.0603289 0.127758 -0.127759 -0.0161537 -0.0241133 0.0220789 0.0501327 -0.0297039 0.0276074 -0.0749799 0.0195223 -0.134458 0.0784379 -0.103965 0.143044 -0.0238226 0.243323 -0.14168 0.124602 -0.245754 0.281028 -0.225522 0.993662))
(0.0086891 0.000454286 0.228653 #(0.000182833 -0.00254678 0.0082363 -0.0153415 -0.0299224 0.0849131 -0.0489407 0.00623273 0.00330074 0.015936 -0.0400408 -0.020401 -0.0247914 0.0710104 -0.015902 0.00164445 -0.0397469 0.0223963 0.0144133 0.00597068 -0.0101367 0.0517253 -0.0400181 0.0204692 -0.0703128 0.0792271 -0.0877888 0.0647522 0.100521 -0.114483 -0.00566729 -0.0255629 0.0314529 0.0182582 -0.0152464 0.0337968 -0.0685177 0.0350596 -0.0735331 0.0771414 -0.107742 0.0609778 -0.0612328 0.122617 -0.132552 0.162598 -0.143835 0.327107 -0.115002 0.855719))
